timestamp,open,high,low,close,volume
2025-05-01 13:30:00+00:00,242.839996338,245.539993286,242.169998169,245.092498779,1132860
2025-05-01 14:30:00+00:00,245.020004272,247.320007324,244.309997559,247.050003052,995819
2025-05-01 15:30:00+00:00,247.059997559,247.48500061,246.550003052,247.065002441,1095453
2025-05-01 16:30:00+00:00,247.088806152,247.944503784,246.75,247.570007324,660225
2025-05-01 17:30:00+00:00,247.529998779,248.169998169,246.759994507,248.117202759,494267
2025-05-01 18:30:00+00:00,248.169998169,248.449996948,247.610107422,247.940002441,802186
2025-05-01 19:30:00+00:00,247.970001221,248.220001221,246.490005493,246.86000061,1176337
2025-05-02 13:30:00+00:00,251.259994507,252.880004883,249.462905884,252.5,1341820
2025-05-02 14:30:00+00:00,252.434997559,252.851196289,251.169998169,251.309997559,724636
2025-05-02 15:30:00+00:00,251.279998779,253.61869812,251.214996338,253.059997559,931620
2025-05-02 16:30:00+00:00,253.039993286,253.459899902,252.585296631,252.809997559,534038
2025-05-02 17:30:00+00:00,252.865005493,253.218200684,252.705001831,252.880004883,525264
2025-05-02 18:30:00+00:00,252.880004883,253.489898682,252.490005493,253.345001221,557595
2025-05-02 19:30:00+00:00,253.399993896,253.399993896,252.320007324,252.455001831,945962
2025-05-05 13:30:00+00:00,251.179992676,253.154998779,250.590103149,252.740005493,1149485
2025-05-05 14:30:00+00:00,252.727493286,254.759994507,252.479995728,254.199996948,721986
2025-05-05 15:30:00+00:00,254.188598633,255.160003662,253.979995728,254.725006104,696377
2025-05-05 16:30:00+00:00,254.679992676,254.919998169,254.104995728,254.175003052,401066
2025-05-05 17:30:00+00:00,254.160003662,254.76499939,254.070007324,254.13999939,439214
2025-05-05 18:30:00+00:00,254.119995117,254.294998169,253.300003052,253.570007324,526177
2025-05-05 19:30:00+00:00,253.5,253.669998169,252.36000061,252.679992676,674745
2025-05-06 13:30:00+00:00,250,252.440002441,249,251.970001221,1011795
2025-05-06 14:30:00+00:00,251.979995728,252.649993896,251.589996338,251.86000061,556951
2025-05-06 15:30:00+00:00,251.839996338,252,250.449996948,250.895004272,643925
2025-05-06 16:30:00+00:00,250.899993896,251.130004883,250.179992676,250.5,475586
2025-05-06 17:30:00+00:00,250.460006714,250.75,249.899993896,250.742095947,483083
2025-05-06 18:30:00+00:00,250.755599976,250.789993286,249.910003662,250.436904907,606043
2025-05-06 19:30:00+00:00,250.460006714,250.837600708,249.024993896,249.164993286,1024582
2025-05-07 13:30:00+00:00,250.36000061,250.909896851,249.399993896,250.699996948,1748003
2025-05-07 14:30:00+00:00,250.539993286,252.070007324,250.490005493,251.800003052,929402
2025-05-07 15:30:00+00:00,251.820007324,252.399993896,251.229995728,251.550003052,837292
2025-05-07 16:30:00+00:00,251.559997559,252.449996948,251.559997559,252.304992676,577319
2025-05-07 17:30:00+00:00,252.330001831,252.429992676,249.570007324,250.210006714,709642
2025-05-07 18:30:00+00:00,250.279998779,251.380004883,249.559997559,249.61000061,737571
2025-05-07 19:30:00+00:00,249.649993896,251.005004883,248.830001831,249.320007324,1348983
2025-05-08 13:30:00+00:00,251.570007324,254.130004883,251.550003052,252.570007324,1394053
2025-05-08 14:30:00+00:00,252.682998657,254.289993286,251.782699585,253.679992676,975124
2025-05-08 15:30:00+00:00,253.699996948,255.470001221,253.279998779,254.910003662,766194
2025-05-08 16:30:00+00:00,254.910003662,255.880004883,254.86000061,255.550003052,540307
2025-05-08 17:30:00+00:00,255.570007324,255.770004272,254.809997559,255.104995728,770428
2025-05-08 18:30:00+00:00,255.104995728,255.710006714,254.550003052,255.570007324,781547
2025-05-08 19:30:00+00:00,255.570007324,255.580001831,253.369995117,253.710006714,1205308
2025-05-09 13:30:00+00:00,254.5,255.509994507,253.220001221,253.625,938514
2025-05-09 14:30:00+00:00,253.625,253.850006104,252.940002441,253.330001831,665634
2025-05-09 15:30:00+00:00,253.36000061,253.800003052,252.429992676,252.789993286,515014
2025-05-09 16:30:00+00:00,252.789993286,253.065002441,252.339996338,252.865005493,493103
2025-05-09 17:30:00+00:00,252.81010437,253.589996338,252.619995117,253.160095215,498989
2025-05-09 18:30:00+00:00,253.229995728,253.839996338,253,253.440002441,432231
2025-05-09 19:30:00+00:00,253.429992676,253.51499939,252.88999939,252.949996948,626497
2025-05-12 13:30:00+00:00,262.899993896,263.600006104,260.084991455,260.31149292,2527389
2025-05-12 14:30:00+00:00,260.239990234,260.950012207,258.880004883,260.029998779,1229652
2025-05-12 15:30:00+00:00,260.040008545,260.25,258.700012207,259.445007324,761156
2025-05-12 16:30:00+00:00,259.48651123,260.660003662,259.380004883,259.890014648,782392
2025-05-12 17:30:00+00:00,259.910003662,260.200012207,259.489990234,260.119995117,700960
2025-05-12 18:30:00+00:00,260.160003662,260.790008545,259.869995117,259.929992676,729096
2025-05-12 19:30:00+00:00,259.929992676,260.218994141,259.220001221,260.059997559,1419419
2025-05-13 13:30:00+00:00,260.649993896,262.350006104,260.390014648,261.980010986,1599696
2025-05-13 14:30:00+00:00,262.070007324,263.290008545,261.779998779,263.032501221,966475
2025-05-13 15:30:00+00:00,262.959991455,263.599395752,262.220001221,262.269989014,842989
2025-05-13 16:30:00+00:00,262.25,263,262.070007324,262.540008545,750886
2025-05-13 17:30:00+00:00,262.540008545,263.079986572,262.160003662,262.862487793,607255
2025-05-13 18:30:00+00:00,262.869995117,263.600006104,262.765014648,263.415008545,718873
2025-05-13 19:30:00+00:00,263.380004883,263.670013428,262.820007324,262.890014648,1288337
2025-05-14 13:30:00+00:00,263,264.600006104,262.290008545,264.420013428,1352030
2025-05-14 14:30:00+00:00,264.399993896,265.527313232,264.095001221,265.450012207,902131
2025-05-14 15:30:00+00:00,265.420013428,265.825012207,265.100006104,265.190002441,831365
2025-05-14 16:30:00+00:00,265.200012207,265.489990234,264.660003662,264.980010986,780867
2025-05-14 17:30:00+00:00,265,265.709991455,264.920013428,265.242004395,621464
2025-05-14 18:30:00+00:00,265.309997559,266.179992676,265.279998779,265.609985352,796942
2025-05-14 19:30:00+00:00,265.625,266.640014648,265.510009766,265.600006104,1293332
2025-05-15 13:30:00+00:00,266.970001221,269.519989014,264.920013428,265.051696777,2040305
2025-05-15 14:30:00+00:00,265.105010986,266.029998779,264.760009766,265.524993896,1033274
2025-05-15 15:30:00+00:00,265.524993896,266.839996338,265.459991455,266.260009766,886217
2025-05-15 16:30:00+00:00,266.290008545,267.037506104,265.779998779,266.929992676,727029
2025-05-15 17:30:00+00:00,266.940002441,267.850006104,266.625,267.829406738,725714
2025-05-15 18:30:00+00:00,267.850006104,268.589996338,267.709991455,268.350006104,1069804
2025-05-15 19:30:00+00:00,268.339996338,268.540008545,267.059112549,267.649993896,1312376
2025-05-16 13:30:00+00:00,267.5,267.510009766,264.709991455,266.679992676,2014190
2025-05-16 14:30:00+00:00,266.679992676,267.200012207,266.059997559,266.609985352,936173
2025-05-16 15:30:00+00:00,266.589996338,267.339111328,266.510009766,266.875,777716
2025-05-16 16:30:00+00:00,266.910003662,268.459289551,266.899993896,268.184997559,1018775
2025-05-16 17:30:00+00:00,268.230010986,268.269989014,267.390014648,267.589996338,571836
2025-05-16 18:30:00+00:00,267.600006104,268.070007324,267.350006104,267.515014648,825622
2025-05-16 19:30:00+00:00,267.480987549,267.75,267.010009766,267.570007324,1108967
2025-05-19 13:30:00+00:00,265.549987793,268.320007324,264.890289307,267.428588867,2256906
2025-05-19 14:30:00+00:00,267.394989014,267.600006104,261.929992676,264.149993896,2401920
2025-05-19 15:30:00+00:00,264.154998779,265.910003662,264.100006104,265.799987793,2271639
2025-05-19 16:30:00+00:00,265.785491943,266.640014648,265.559997559,265.858001709,1041796
2025-05-19 17:30:00+00:00,265.820007324,265.969909668,264.119995117,264.970001221,737804
2025-05-19 18:30:00+00:00,265.029998779,265.369995117,264.850006104,265.119995117,580047
2025-05-19 19:30:00+00:00,265.100006104,265.394989014,264.519989014,264.940002441,1049592
2025-05-20 13:30:00+00:00,262.519989014,266.32989502,262.299987793,266.015014648,1792290
2025-05-20 14:30:00+00:00,265.959991455,266.519989014,265.649993896,266.119995117,678251
2025-05-20 15:30:00+00:00,266.130004883,266.579315186,265.700012207,266.170013428,615295
2025-05-20 16:30:00+00:00,266.170013428,266.660003662,265.654998779,266.320007324,650433
2025-05-20 17:30:00+00:00,266.320007324,266.480010986,264.850006104,265.024993896,753852
2025-05-20 18:30:00+00:00,264.959991455,265.869995117,264.869995117,265.730010986,713382
2025-05-20 19:30:00+00:00,265.734985352,266.329986572,265.440002441,265.769989014,1082556
2025-05-21 13:30:00+00:00,264.350006104,265.649993896,263.851715088,264.760009766,959136
2025-05-21 14:30:00+00:00,264.739990234,264.799987793,263.609985352,263.619995117,791802
2025-05-21 15:30:00+00:00,263.654998779,263.890014648,263.154998779,263.774200439,687502
2025-05-21 16:30:00+00:00,263.731506348,264.170013428,261.179992676,261.239990234,610897
2025-05-21 17:30:00+00:00,261.179992676,262.470001221,260.726287842,262.079986572,682286
2025-05-21 18:30:00+00:00,262.019989014,262.230010986,260.940002441,261.070007324,712100
2025-05-21 19:30:00+00:00,261.119995117,262.019989014,260.940002441,261,1089230
2025-05-22 13:30:00+00:00,259.440002441,261,258.868713379,259.845001221,1379444
2025-05-22 14:30:00+00:00,259.959991455,261.489990234,259.649993896,261.184997559,868172
2025-05-22 15:30:00+00:00,261.109985352,261.779998779,261.079986572,261.140014648,518944
2025-05-22 16:30:00+00:00,261.140014648,261.570007324,260.649993896,261.424987793,533587
2025-05-22 17:30:00+00:00,261.429992676,262.070007324,261.359985352,261.845001221,583261
2025-05-22 18:30:00+00:00,261.845001221,262.299987793,261.510009766,262.165008545,664246
2025-05-22 19:30:00+00:00,262.160003662,262.200012207,260.415008545,260.670013428,888008
2025-05-23 13:30:00+00:00,256.809997559,259.459991455,256.000091553,258.5234375,1234637
2025-05-23 14:30:00+00:00,258.570007324,259.695007324,258.5,259.575012207,1168286
2025-05-23 15:30:00+00:00,259.584991455,260.519989014,259.429992676,260.244995117,532444
2025-05-23 16:30:00+00:00,260.244995117,261.339996338,259.839996338,261.290008545,492701
2025-05-23 17:30:00+00:00,261.25,261.989990234,260.977905273,261.429992676,585433
2025-05-23 18:30:00+00:00,261.424987793,261.937591553,260.940002441,261.019989014,693065
2025-05-23 19:30:00+00:00,261.010009766,261.549987793,260.391906738,260.790008545,793603
2025-05-27 13:30:00+00:00,262.040008545,264.505004883,261.989990234,264.339996338,1631686
2025-05-27 14:30:00+00:00,264.410003662,264.559997559,263.390014648,264.105010986,773425
2025-05-27 15:30:00+00:00,264.105010986,264.230010986,263.640899658,263.964996338,475737
2025-05-27 16:30:00+00:00,263.972503662,264.519989014,263.829986572,264.140014648,419175
2025-05-27 17:30:00+00:00,264.140014648,265.029998779,264.130004883,264.910003662,912542
2025-05-27 18:30:00+00:00,264.915008545,265.230010986,264.717193604,264.75,626463
2025-05-27 19:30:00+00:00,264.739990234,265.299987793,264.660003662,265.269989014,1071038
2025-05-28 13:30:00+00:00,266.239990234,266.720001221,264.200012207,264.390014648,1039982
2025-05-28 14:30:00+00:00,264.399993896,264.525085449,263.459991455,263.570007324,592581
2025-05-28 15:30:00+00:00,263.570007324,264.100006104,263.029998779,264.015014648,420470
2025-05-28 16:30:00+00:00,264.029785156,264.369995117,263.839996338,264.255004883,356201
2025-05-28 17:30:00+00:00,264.24319458,264.559997559,263.980010986,264.468292236,413054
2025-05-28 18:30:00+00:00,264.5,264.630004883,263.5,263.959991455,609530
2025-05-28 19:30:00+00:00,263.959991455,264.079986572,262.899993896,263.480010986,778811
2025-05-29 13:30:00+00:00,264.799987793,265.290008545,262.529998779,263.309997559,893469
2025-05-29 14:30:00+00:00,263.25,263.929992676,262.632904053,263.787994385,515995
2025-05-29 15:30:00+00:00,263.790008545,263.959991455,262.545013428,263.290008545,651168
2025-05-29 16:30:00+00:00,263.339996338,263.959991455,263.179992676,263.649993896,428835
2025-05-29 17:30:00+00:00,263.609985352,264.046813965,263.364990234,263.769989014,358572
2025-05-29 18:30:00+00:00,263.820007324,264.350006104,263.549987793,263.600006104,520544
2025-05-29 19:30:00+00:00,263.570007324,264.399993896,263.570007324,264.359985352,738376
2025-05-30 13:30:00+00:00,263.450012207,264.670013428,263.040008545,264.345001221,970124
2025-05-30 14:30:00+00:00,264.309997559,264.679992676,263.489990234,264.076507568,559844
2025-05-30 15:30:00+00:00,264.070007324,264.679992676,263.25,263.450012207,590725
2025-05-30 16:30:00+00:00,263.470001221,263.980010986,262.725006104,263.929504395,818587
2025-05-30 17:30:00+00:00,263.959991455,265.329986572,263.760009766,265.079986572,859846
2025-05-30 18:30:00+00:00,265.075012207,265.209991455,264.549987793,265.109985352,826304
2025-05-30 19:30:00+00:00,265.100006104,265.140014648,263.75,263.829986572,2149703
2025-06-02 13:30:00+00:00,263.019989014,264.315002441,261.899993896,263.25,1197616
2025-06-02 14:30:00+00:00,263.192504883,264.049987793,262.70010376,263.765014648,838820
2025-06-02 15:30:00+00:00,263.720001221,264.410003662,263.579986572,263.785186768,518704
2025-06-02 16:30:00+00:00,263.804992676,264.380004883,263.510009766,263.980010986,429902
2025-06-02 17:30:00+00:00,264.010009766,264.940002441,263.844512939,264.820007324,641505
2025-06-02 18:30:00+00:00,264.829986572,265.029998779,264.549987793,264.950012207,640932
2025-06-02 19:30:00+00:00,264.945007324,265,264.410003662,264.739990234,831717
2025-06-03 13:30:00+00:00,263.730010986,265.649993896,262.880004883,265.290008545,1366287
2025-06-03 14:30:00+00:00,265.319091797,265.970001221,264.649993896,265.760009766,954440
2025-06-03 15:30:00+00:00,265.739990234,266.25,265.230010986,266.190002441,693909
2025-06-03 16:30:00+00:00,266.194885254,266.5,266,266.039611816,405764
2025-06-03 17:30:00+00:00,266.019989014,266.065002441,265.350006104,266.040008545,563305
2025-06-03 18:30:00+00:00,266.079986572,266.450012207,265.962493896,266.144989014,530676
2025-06-03 19:30:00+00:00,266.132507324,266.579986572,266.040008545,266.279998779,960172
2025-06-04 13:30:00+00:00,265.920013428,267.119995117,264.480010986,265.704986572,1231184
2025-06-04 14:30:00+00:00,265.700012207,265.910003662,264.839996338,265.355010986,610330
2025-06-04 15:30:00+00:00,265.309997559,265.475006104,264.290100098,264.380004883,506371
2025-06-04 16:30:00+00:00,264.369995117,265.429992676,264.369995117,265.244995117,424058
2025-06-04 17:30:00+00:00,265.329986572,265.420013428,264.850006104,265.170013428,394653
2025-06-04 18:30:00+00:00,265.170013428,265.209991455,264.434295654,265.179992676,565215
2025-06-04 19:30:00+00:00,265.179992676,265.320007324,264.179992676,264.220001221,884950
2025-06-05 13:30:00+00:00,264.739990234,264.739990234,260.309997559,261.375,1367943
2025-06-05 14:30:00+00:00,261.375,262.989990234,260.929992676,262.940002441,1057116
2025-06-05 15:30:00+00:00,262.929992676,263.450012207,262.832000732,263.380004883,630702
2025-06-05 16:30:00+00:00,263.410003662,263.679992676,262.260009766,263.5,504945
2025-06-05 17:30:00+00:00,263.481414795,263.799987793,262.029998779,262.679504395,717468
2025-06-05 18:30:00+00:00,262.660003662,262.959991455,260.484985352,261.047485352,1118197
2025-06-05 19:30:00+00:00,261.070007324,262.100006104,261.019989014,261.970001221,1488084
2025-06-06 13:30:00+00:00,264.734985352,266.480010986,264.329986572,265.864990234,1688530
2025-06-06 14:30:00+00:00,265.890014648,266.649993896,265.515014648,265.779998779,1000157
2025-06-06 15:30:00+00:00,265.795013428,266.399902344,265.459991455,266.179992676,594473
2025-06-06 16:30:00+00:00,266.179992676,266.30960083,265.200012207,265.420013428,436729
2025-06-06 17:30:00+00:00,265.440002441,266.179992676,265.269989014,266.070007324,526973
2025-06-06 18:30:00+00:00,266.059997559,266.510009766,265.884613037,265.929992676,721996
2025-06-06 19:30:00+00:00,265.934997559,266.109985352,265.464996338,265.720001221,1381653
2025-06-09 13:30:00+00:00,266,266,263.350006104,265.243591309,1784248
2025-06-09 14:30:00+00:00,265.220001221,265.769989014,264.829986572,265.130004883,1078720
2025-06-09 15:30:00+00:00,265.149993896,266.309997559,265.075012207,266.079986572,776782
2025-06-09 16:30:00+00:00,266.200012207,267.571990967,265.959991455,267.5,645412
2025-06-09 17:30:00+00:00,267.5,267.899993896,267.329986572,267.619995117,649826
2025-06-09 18:30:00+00:00,267.609985352,267.660003662,266.654998779,266.700012207,693562
2025-06-09 19:30:00+00:00,266.690002441,267.420013428,266.559997559,266.709991455,998922
2025-06-10 13:30:00+00:00,265.880004883,267.649993896,265.850006104,267,2142362
2025-06-10 14:30:00+00:00,267.047210693,267.779907227,266.399993896,267.600006104,733980
2025-06-10 15:30:00+00:00,267.559997559,268.429992676,266.954986572,268.140014648,593694
2025-06-10 16:30:00+00:00,268.125,268.720001221,268.019989014,268.364990234,579027
2025-06-10 17:30:00+00:00,268.390014648,268.609985352,267.630004883,267.820007324,577691
2025-06-10 18:30:00+00:00,267.855010986,268.899993896,267.760009766,268.559997559,620011
2025-06-10 19:30:00+00:00,268.549987793,268.850006104,268.299987793,268.660003662,971468
2025-06-11 13:30:00+00:00,268.679992676,269.589996338,265.786193848,268.7421875,1209191
2025-06-11 14:30:00+00:00,268.734985352,269,267.589996338,268.274993896,636537
2025-06-11 15:30:00+00:00,268.25,268.559997559,267.5105896,268.383087158,422520
2025-06-11 16:30:00+00:00,268.390014648,269.570007324,268.112304688,269.475006104,396995
2025-06-11 17:30:00+00:00,269.502288818,269.619903564,267.720001221,268.079986572,539268
2025-06-11 18:30:00+00:00,268.019989014,268.999511719,267.705688477,267.984985352,585865
2025-06-11 19:30:00+00:00,267.984985352,268.260009766,267.559997559,268.220001221,706242
2025-06-12 13:30:00+00:00,266.859985352,268.140014648,265.140014648,268.040008545,2192429
2025-06-12 14:30:00+00:00,268.049987793,268.279998779,266.970001221,267.459991455,644522
2025-06-12 15:30:00+00:00,267.480010986,267.523986816,266.589996338,267.184997559,488489
2025-06-12 16:30:00+00:00,267.149993896,267.809906006,266.799987793,267.529998779,418135
2025-06-12 17:30:00+00:00,267.739990234,268.029998779,267.635009766,267.779998779,427602
2025-06-12 18:30:00+00:00,267.760009766,268.086608887,267.604797363,267.924987793,491106
2025-06-12 19:30:00+00:00,267.920013428,268.290008545,267.670013428,268.230010986,654117
2025-06-13 13:30:00+00:00,265.079986572,266.369995117,262.709991455,263.010009766,1614993
2025-06-13 14:30:00+00:00,263.054992676,266.369995117,262.779998779,266.369995117,1033594
2025-06-13 15:30:00+00:00,266.334991455,266.980010986,266.160003662,266.670013428,492452
2025-06-13 16:30:00+00:00,266.660003662,267.019989014,265.690002441,265.734985352,345893
2025-06-13 17:30:00+00:00,265.739990234,266.169891357,264.890014648,265,579010
2025-06-13 18:30:00+00:00,265,265.380004883,264.399993896,264.864990234,616770
2025-06-13 19:30:00+00:00,264.890014648,265.195007324,264.459991455,265.010009766,987707
2025-06-16 13:30:00+00:00,267,270.489013672,266.850006104,270.25,1489942
2025-06-16 14:30:00+00:00,270.209991455,271.674987793,270.070007324,271.364990234,893306
2025-06-16 15:30:00+00:00,271.364990234,271.730010986,271.209991455,271.364990234,680185
2025-06-16 16:30:00+00:00,271.410003662,271.480010986,270.630096436,271.024993896,461060
2025-06-16 17:30:00+00:00,271.049987793,271.279998779,270.579986572,270.67098999,473675
2025-06-16 18:30:00+00:00,270.700012207,271.145904541,270.350097656,270.619995117,622294
2025-06-16 19:30:00+00:00,270.649993896,270.769989014,269.915008545,270.390014648,928375
2025-06-17 13:30:00+00:00,267.799987793,270.589996338,267.799987793,270.309997559,1777942
2025-06-17 14:30:00+00:00,270.309997559,270.579986572,269.420013428,269.420013428,653905
2025-06-17 15:30:00+00:00,269.399993896,270.109985352,269.209991455,270.032501221,480241
2025-06-17 16:30:00+00:00,270.179992676,270.489990234,269.559997559,269.600006104,548950
2025-06-17 17:30:00+00:00,269.570007324,269.959991455,268.589996338,269,496926
2025-06-17 18:30:00+00:00,268.989990234,269.390014648,268.450012207,269.295013428,489591
2025-06-17 19:30:00+00:00,269.320007324,269.600006104,268.929992676,269.5,745195
2025-06-18 13:30:00+00:00,270,277,269.720001221,276.708496094,1888732
2025-06-18 14:30:00+00:00,276.700012207,277.720001221,274.801513672,275.345001221,1505845
2025-06-18 15:30:00+00:00,275.480010986,276.334991455,274.997009277,275.214996338,659033
2025-06-18 16:30:00+00:00,275.195007324,275.195007324,274.299987793,275.119995117,595983
2025-06-18 17:30:00+00:00,275.160003662,275.339904785,274.339996338,274.524993896,678947
2025-06-18 18:30:00+00:00,274.524993896,275.420013428,273.609985352,273.765014648,932103
2025-06-18 19:30:00+00:00,273.730010986,274.700012207,273.660003662,273.950012207,1107887
2025-06-20 13:30:00+00:00,276.445007324,277.299713135,275,275.730010986,3562449
2025-06-20 14:30:00+00:00,275.809997559,275.899993896,274.869995117,275.470001221,633985
2025-06-20 15:30:00+00:00,275.489990234,275.945007324,275.119995117,275.380004883,551735
2025-06-20 16:30:00+00:00,275.399993896,276.119995117,274.540008545,274.540008545,542632
2025-06-20 17:30:00+00:00,274.5,274.649993896,273.811889648,274.190002441,1179849
2025-06-20 18:30:00+00:00,274.195007324,274.644989014,273.899993896,274.334991455,651430
2025-06-20 19:30:00+00:00,274.339996338,275.459991455,274.315002441,274.989990234,1226797
2025-06-23 13:30:00+00:00,275.059997559,276.739990234,274.399993896,275.635009766,1384525
2025-06-23 14:30:00+00:00,275.630004883,275.720001221,274.25,274.630004883,732164
2025-06-23 15:30:00+00:00,274.549987793,274.869995117,273.096008301,273.190002441,513212
2025-06-23 16:30:00+00:00,273.135009766,275.859985352,272.214996338,275.795013428,783028
2025-06-23 17:30:00+00:00,275.890014648,276.5,275.850006104,276.140014648,505044
2025-06-23 18:30:00+00:00,276.165008545,277.62890625,275.920013428,277.190002441,1030044
2025-06-23 19:30:00+00:00,277.195007324,278.549987793,277,278.25,986557
2025-06-24 13:30:00+00:00,280.209991455,281.730010986,279.510009766,281.549987793,1794497
2025-06-24 14:30:00+00:00,281.589996338,281.947387695,281.019989014,281.559997559,944183
2025-06-24 15:30:00+00:00,281.545013428,281.950012207,280.709991455,280.834991455,697830
2025-06-24 16:30:00+00:00,280.820007324,282.200012207,280.739990234,281.720001221,796570
2025-06-24 17:30:00+00:00,281.700012207,282.019195557,281.350006104,281.380004883,734789
2025-06-24 18:30:00+00:00,281.369995117,282.130004883,281.260009766,281.785003662,1122372
2025-06-24 19:30:00+00:00,281.790008545,282.714996338,281.079986572,281.244995117,1663793
2025-06-25 13:30:00+00:00,281.5,282.540008545,280.910003662,282.019897461,1116165
2025-06-25 14:30:00+00:00,281.910003662,282.679992676,281.730010986,282.535003662,802565
2025-06-25 15:30:00+00:00,282.464996338,283.399993896,281.760009766,283.355010986,798015
2025-06-25 16:30:00+00:00,283.407989502,283.569396973,282.809997559,283.5,443237
2025-06-25 17:30:00+00:00,283.5,283.829986572,283.040008545,283.739990234,694155
2025-06-25 18:30:00+00:00,283.760009766,283.829986572,283.190887451,283.690002441,553784
2025-06-25 19:30:00+00:00,283.670013428,284.279998779,283.480010986,284.279998779,970592
2025-06-26 13:30:00+00:00,284.700012207,288.630004883,284.470001221,287.679992676,2773059
2025-06-26 14:30:00+00:00,287.795013428,289.051605225,287.795013428,288.459991455,984974
2025-06-26 15:30:00+00:00,288.410003662,288.980102539,288.270111084,288.912902832,686736
2025-06-26 16:30:00+00:00,288.86151123,289.209899902,288.672698975,289.019989014,516321
2025-06-26 17:30:00+00:00,289.065002441,289.399993896,288.964996338,289.160003662,496560
2025-06-26 18:30:00+00:00,289.200012207,289.269989014,288.600006104,288.679992676,723085
2025-06-26 19:30:00+00:00,288.690002441,289.079986572,288.630004883,289.010009766,1084978
2025-06-27 13:30:00+00:00,285.809997559,288.69619751,285.130004883,286.660003662,2328276
2025-06-27 14:30:00+00:00,286.670013428,287.899993896,286.583099365,287.260009766,1107770
2025-06-27 15:30:00+00:00,287.295013428,287.630004883,286.579986572,287.299987793,787744
2025-06-27 16:30:00+00:00,287.299987793,287.809997559,287.25,287.350006104,2160985
2025-06-27 17:30:00+00:00,287.350006104,287.609191895,286.089996338,286.113098145,819607
2025-06-27 18:30:00+00:00,286.130004883,286.440002441,285.299987793,286.005004883,1171643
2025-06-27 19:30:00+00:00,286.040008545,287.380004883,285.040008545,287.059997559,2322383
2025-06-30 13:30:00+00:00,290.399993896,291.505004883,289.376800537,290.869995117,2084980
2025-06-30 14:30:00+00:00,290.845001221,291.540008545,290.410003662,291.410003662,1073769
2025-06-30 15:30:00+00:00,291.450012207,292.309906006,291.310089111,291.494995117,1091319
2025-06-30 16:30:00+00:00,291.450012207,292.209991455,290.640014648,290.950012207,601708
2025-06-30 17:30:00+00:00,290.980010986,290.980010986,289.480102539,289.880004883,1028917
2025-06-30 18:30:00+00:00,289.915008545,290.450012207,289.040008545,289.5,1020315
2025-06-30 19:30:00+00:00,289.510009766,290.540008545,288.920013428,289.75,1536322
2025-07-01 13:30:00+00:00,290.890014648,291.130004883,289.152801514,289.390014648,1387535
2025-07-01 14:30:00+00:00,289.420013428,289.850006104,287.255004883,287.920013428,1448862
2025-07-01 15:30:00+00:00,287.940002441,288.970001221,286.589996338,288.799987793,967250
2025-07-01 16:30:00+00:00,288.815002441,290.369995117,288.615905762,289.980010986,899678
2025-07-01 17:30:00+00:00,289.947998047,290.195007324,289.090087891,289.290008545,773738
2025-07-01 18:30:00+00:00,289.304992676,290.369995117,289.209991455,290.105010986,908313
2025-07-01 19:30:00+00:00,290.084991455,290.570007324,289.779998779,290.410003662,1072655
2025-07-02 13:30:00+00:00,292.040008545,292.450012207,289.700012207,291.450012207,1441077
2025-07-02 14:30:00+00:00,291.5,292.249908447,290.910003662,292.089996338,1025705
2025-07-02 15:30:00+00:00,292.109985352,292.821990967,291.869995117,292.079986572,756235
2025-07-02 16:30:00+00:00,292.089996338,292.239990234,291.529907227,291.660003662,481273
2025-07-02 17:30:00+00:00,291.679992676,291.790008545,290.690002441,290.850006104,599800
2025-07-02 18:30:00+00:00,290.880004883,291.859985352,290.820007324,291.765014648,837641
2025-07-02 19:30:00+00:00,291.779998779,292.140014648,291.630004883,291.940002441,1223209
2025-07-03 13:30:00+00:00,292.149993896,294.850006104,291.299987793,294.793823242,2183700
2025-07-03 14:30:00+00:00,294.785003662,296.059997559,294.549987793,295.364990234,1036525
2025-07-03 15:30:00+00:00,295.364990234,295.790008545,295.049987793,295.779998779,651055
2025-07-07 13:30:00+00:00,295.25,296.040008545,293.159210205,293.440002441,1543899
2025-07-07 14:30:00+00:00,293.399993896,294.649993896,292.890014648,293.369995117,1140796
2025-07-07 15:30:00+00:00,293.339996338,293.379089355,291.163208008,291.579986572,993914
2025-07-07 16:30:00+00:00,291.579986572,291.899993896,290.489990234,291.619995117,927135
2025-07-07 17:30:00+00:00,291.625,292.135009766,290.130004883,290.184997559,810291
2025-07-07 18:30:00+00:00,290.200012207,291.299987793,290.079986572,291.209991455,721253
2025-07-07 19:30:00+00:00,291.157104492,292.089996338,290.9737854,291.964996338,925060
2025-07-08 13:30:00+00:00,289.274993896,289.700012207,283.75,284.399200439,3063459
2025-07-08 14:30:00+00:00,284.299987793,284.658599854,281.899993896,283.285003662,2065367
2025-07-08 15:30:00+00:00,283.320007324,283.350006104,280.309997559,281.484985352,2332089
2025-07-08 16:30:00+00:00,281.445007324,282.149993896,280.579986572,281.980010986,1143804
2025-07-08 17:30:00+00:00,281.980010986,283.299987793,281.899993896,282.480010986,960738
2025-07-08 18:30:00+00:00,282.459991455,283.044403076,282.260009766,282.679992676,870941
2025-07-08 19:30:00+00:00,282.679992676,282.959991455,282,282.725006104,1444298
2025-07-09 13:30:00+00:00,287.179992676,287.195007324,283.010009766,283.885009766,3598708
2025-07-09 14:30:00+00:00,283.864990234,285,283.309997559,283.940002441,1021645
2025-07-09 15:30:00+00:00,284.005004883,284.260009766,283.140014648,283.220001221,796128
2025-07-09 16:30:00+00:00,283.232513428,283.839996338,282.480010986,283.579986572,755096
2025-07-09 17:30:00+00:00,283.579986572,283.919891357,282.899993896,283.019989014,587361
2025-07-09 18:30:00+00:00,283.100006104,283.190002441,282.570007324,282.790008545,759814
2025-07-09 19:30:00+00:00,282.820007324,283.290008545,282.709991455,283.040008545,1141616
2025-07-10 13:30:00+00:00,283,285.730010986,283,285.619995117,1556920
2025-07-10 14:30:00+00:00,285.619995117,287.299987793,285.540008545,286.950012207,1059421
2025-07-10 15:30:00+00:00,286.929992676,287.600006104,286.299987793,287.209991455,801507
2025-07-10 16:30:00+00:00,287.230010986,288.089996338,286.983398438,287.350006104,568930
2025-07-10 17:30:00+00:00,287.369995117,287.730010986,287.010009766,287.559997559,566761
2025-07-10 18:30:00+00:00,287.565002441,288.200012207,287.339996338,287.945007324,832659
2025-07-10 19:30:00+00:00,287.959991455,288.309997559,287.75,288.095001221,1086614
2025-07-11 13:30:00+00:00,285.519989014,286.137084961,283.654998779,285.359985352,1288972
2025-07-11 14:30:00+00:00,285.362792969,286.739990234,285.279998779,286.095001221,832822
2025-07-11 15:30:00+00:00,286.140014648,286.559997559,285.589996338,286.25,567559
2025-07-11 16:30:00+00:00,286.239990234,286.809997559,286.019989014,286.700012207,483780
2025-07-11 17:30:00+00:00,286.670013428,287.329986572,286.399993896,286.545013428,551770
2025-07-11 18:30:00+00:00,286.559997559,287.239990234,286.471008301,286.950592041,671545
2025-07-11 19:30:00+00:00,286.929992676,287.149993896,286.369995117,286.709991455,992670
2025-07-14 13:30:00+00:00,287.070007324,287.820007324,285.255615234,287.149993896,1866591
2025-07-14 14:30:00+00:00,287.119995117,288.170013428,286.570007324,288.119995117,1180661
2025-07-14 15:30:00+00:00,288.170013428,288.394989014,287.329986572,288.269989014,742883
2025-07-14 16:30:00+00:00,288.269989014,289.160003662,287.820007324,289.109985352,692885
2025-07-14 17:30:00+00:00,289.119995117,289.299987793,288.140014648,288.440002441,799662
2025-07-14 18:30:00+00:00,288.459991455,288.700012207,287.850006104,288.399993896,962686
2025-07-14 19:30:00+00:00,288.410003662,289.019989014,288.329986572,288.679992676,1351322
2025-07-15 13:30:00+00:00,288,291.950012207,285.480010986,287.579986572,3830235
2025-07-15 14:30:00+00:00,287.640014648,288.089996338,285.809997559,287.049987793,1229649
2025-07-15 15:30:00+00:00,287.010009766,288.040008545,286.149993896,286.739990234,834919
2025-07-15 16:30:00+00:00,286.670013428,286.949890137,285.720001221,286.425201416,757240
2025-07-15 17:30:00+00:00,286.369995117,287.089996338,285.910095215,286.600006104,844000
2025-07-15 18:30:00+00:00,286.640014648,287.359985352,285.829986572,286.704986572,1064407
2025-07-15 19:30:00+00:00,286.730010986,287.390014648,285.709991455,286.299987793,1659028
2025-07-16 13:30:00+00:00,288.399993896,290.730010986,285.410003662,285.434997559,2079062
2025-07-16 14:30:00+00:00,285.459991455,286.880004883,283.649993896,284.950012207,1373277
2025-07-16 15:30:00+00:00,284.954986572,286.339996338,283.010009766,285.660003662,1046394
2025-07-16 16:30:00+00:00,285.649993896,286.459991455,285.230010986,285.885009766,569665
2025-07-16 17:30:00+00:00,285.829986572,285.900299072,284.940002441,285.005004883,665816
2025-07-16 18:30:00+00:00,285,285.649993896,284.369995117,285.540008545,1189664
2025-07-16 19:30:00+00:00,285.516693115,286.029998779,285.140014648,285.779998779,1216378
2025-07-17 13:30:00+00:00,283.440002441,289.950012207,283.440002441,287.700012207,1864119
2025-07-17 14:30:00+00:00,287.559997559,288.25,286.720001221,287.42010498,727278
2025-07-17 15:30:00+00:00,287.464996338,288.489990234,287.309997559,287.929992676,809506
2025-07-17 16:30:00+00:00,288,288.135009766,287.070007324,287.459991455,556366
2025-07-17 17:30:00+00:00,287.489990234,289.975006104,287.239990234,289.929992676,761572
2025-07-17 18:30:00+00:00,289.929992676,290.296508789,289.410003662,289.48840332,1027702
2025-07-17 19:30:00+00:00,289.470001221,290.190002441,289.399993896,290.059997559,1207046
2025-07-18 13:30:00+00:00,289.519989014,290.910003662,288.230010986,290.100006104,1737638
2025-07-18 14:30:00+00:00,290.059997559,291.390014648,289.649993896,290.820800781,1033445
2025-07-18 15:30:00+00:00,290.820098877,292.109985352,290.700012207,291.5,1061871
2025-07-18 16:30:00+00:00,291.515289307,292.5,291.165008545,291.239990234,1145737
2025-07-18 17:30:00+00:00,291.279998779,291.739990234,290.950012207,291.299987793,525994
2025-07-18 18:30:00+00:00,291.279693604,291.730010986,291.040008545,291.170013428,675434
2025-07-18 19:30:00+00:00,291.190002441,291.619995117,290.811004639,291.165008545,1090210
2025-07-21 13:30:00+00:00,291,292.660003662,290.679992676,292.089904785,1147285
2025-07-21 14:30:00+00:00,292.089996338,294.035003662,291.859985352,293.739990234,791791
2025-07-21 15:30:00+00:00,293.760009766,294.179992676,293.489990234,293.635009766,622531
2025-07-21 16:30:00+00:00,293.640014648,293.820007324,292.790008545,292.822387695,675926
2025-07-21 17:30:00+00:00,292.815002441,292.899993896,292.079986572,292.079986572,397164
2025-07-21 18:30:00+00:00,292.089996338,292.200012207,291.019989014,291.190002441,691953
2025-07-21 19:30:00+00:00,291.220001221,291.558502197,290.579986572,290.970001221,921074
2025-07-22 13:30:00+00:00,291.5,292,289.179992676,291.054992676,1214037
2025-07-22 14:30:00+00:00,291.089996338,292.630004883,291.089996338,292.019989014,577695
2025-07-22 15:30:00+00:00,292.019989014,293.450012207,291.959991455,293.005004883,483470
2025-07-22 16:30:00+00:00,292.970001221,293.625,292.160003662,292.586914062,1330944
2025-07-22 17:30:00+00:00,292.609985352,292.635009766,291.579986572,291.709991455,402409
2025-07-22 18:30:00+00:00,291.709991455,292.17880249,291.329986572,291.420013428,573952
2025-07-22 19:30:00+00:00,291.394989014,291.850006104,291.230010986,291.299987793,871744
2025-07-23 13:30:00+00:00,293.420013428,294.480010986,293.029998779,293.639892578,1340878
2025-07-23 14:30:00+00:00,293.559997559,293.820007324,292.549987793,293.75,583647
2025-07-23 15:30:00+00:00,293.790008545,295.325012207,293.510009766,295,766178
2025-07-23 16:30:00+00:00,295.024993896,295.630004883,294.630004883,295.410003662,443593
2025-07-23 17:30:00+00:00,295.350006104,295.970001221,295.290008545,295.625,553180
2025-07-23 18:30:00+00:00,295.630004883,296.480010986,295.399993896,296.359985352,714697
2025-07-23 19:30:00+00:00,296.320007324,296.989990234,296.209991455,296.670013428,1122046
2025-07-24 13:30:00+00:00,297.420013428,298.100006104,296.200012207,297.929992676,1097319
2025-07-24 14:30:00+00:00,297.934997559,299.589904785,297.890014648,298.589996338,640385
2025-07-24 15:30:00+00:00,298.584991455,299.519989014,298.210998535,298.329986572,715975
2025-07-24 16:30:00+00:00,298.268890381,299.100006104,298.268890381,298.535003662,314065
2025-07-24 17:30:00+00:00,298.570007324,299.100006104,298.096496582,298.230010986,637935
2025-07-24 18:30:00+00:00,298.230010986,298.299987793,297.649993896,297.690002441,754373
2025-07-24 19:30:00+00:00,297.670013428,297.850006104,296.480010986,296.640014648,1145408
2025-07-25 13:30:00+00:00,296.700012207,298.385009766,295.954986572,298.015014648,1190647
2025-07-25 14:30:00+00:00,298.005004883,298.859191895,297.459991455,298.040008545,899673
2025-07-25 15:30:00+00:00,298.019989014,298.059997559,296.970001221,297.665588379,417804
2025-07-25 16:30:00+00:00,297.660003662,297.869995117,297.260986328,297.640014648,432606
2025-07-25 17:30:00+00:00,297.630004883,298.295013428,297.470001221,298.295013428,663296
2025-07-25 18:30:00+00:00,298.25,298.549987793,297.811004639,297.984985352,608153
2025-07-25 19:30:00+00:00,297.984985352,298.899993896,297.820007324,298.579986572,849692
2025-07-28 13:30:00+00:00,297.660003662,299.429992676,297.5,299.315002441,1064518
2025-07-28 14:30:00+00:00,299.290008545,299.358001709,297.690093994,298.279998779,796965
2025-07-28 15:30:00+00:00,298.299987793,298.489990234,297.791992188,298.290008545,584958
2025-07-28 16:30:00+00:00,298.25,298.410003662,297.540008545,297.729003906,388848
2025-07-28 17:30:00+00:00,297.760009766,297.929992676,296.820007324,296.959991455,426753
2025-07-28 18:30:00+00:00,296.989990234,297.649993896,296.869995117,297.420013428,507861
2025-07-28 19:30:00+00:00,297.440002441,298.320007324,297.364990234,298.220001221,678123
2025-07-29 13:30:00+00:00,300,301.29309082,298.690002441,299.459991455,1671047
2025-07-29 14:30:00+00:00,299.369995117,299.829986572,297.320007324,297.320007324,813991
2025-07-29 15:30:00+00:00,297.329986572,298.290008545,297.230010986,298.005004883,530391
2025-07-29 16:30:00+00:00,298.005004883,298.519989014,297.730010986,298.010009766,332087
2025-07-29 17:30:00+00:00,298.095001221,298.095001221,296.859985352,297.059906006,340639
2025-07-29 18:30:00+00:00,297.068115234,297.494995117,296.779998779,296.820007324,565700
2025-07-29 19:30:00+00:00,296.829986572,297.151000977,296.200012207,297.049987793,763235
2025-07-30 13:30:00+00:00,297.420013428,299.25,297.380004883,299,1112651
2025-07-30 14:30:00+00:00,299.070007324,299.859985352,298.720001221,298.980010986,675671
2025-07-30 15:30:00+00:00,299.010009766,299.666107178,298.720001221,299.540008545,466486
2025-07-30 16:30:00+00:00,299.540008545,299.940002441,299.144897461,299.214996338,385294
2025-07-30 17:30:00+00:00,299.214996338,300.178710938,299.089996338,299.950012207,532270
2025-07-30 18:30:00+00:00,299.945007324,300.609985352,297.450012207,298.350006104,1086881
2025-07-30 19:30:00+00:00,298.380004883,299.959991455,298.269989014,299.720001221,826178
2025-07-31 13:30:00+00:00,299.140014648,300.975006104,297.25,298.466400146,1425315
2025-07-31 14:30:00+00:00,298.440002441,298.959991455,295.850006104,296.600006104,1043153
2025-07-31 15:30:00+00:00,296.579986572,297.815002441,296.529998779,296.980010986,556025
2025-07-31 16:30:00+00:00,296.989990234,297.089996338,295.5,295.779998779,402902
2025-07-31 17:30:00+00:00,295.739990234,297.059997559,295.559997559,297.059997559,468317
2025-07-31 18:30:00+00:00,297.024993896,297.910003662,296.839996338,296.959991455,663146
2025-07-31 19:30:00+00:00,296.959991455,297.570007324,295.609985352,296.279998779,1194841
2025-08-01 13:30:00+00:00,290.399993896,291.480010986,284.237609863,289.410095215,2832720
2025-08-01 14:30:00+00:00,289.600006104,290.239990234,288.355010986,288.420013428,1235298
2025-08-01 15:30:00+00:00,288.390014648,291.795013428,288.309997559,290.929992676,1105135
2025-08-01 16:30:00+00:00,290.850006104,290.950012207,289.489990234,289.489990234,904820
2025-08-01 17:30:00+00:00,289.450012207,289.943115234,288.829986572,289.809997559,1775183
2025-08-01 18:30:00+00:00,289.800506592,290.739898682,288.829986572,289.529998779,1023579
2025-08-01 19:30:00+00:00,289.540008545,289.755004883,288.350006104,288.989990234,1534224
2025-08-04 13:30:00+00:00,290.260009766,293.269989014,290.260009766,292.910003662,1093223
2025-08-04 14:30:00+00:00,292.850006104,293.279998779,292.369995117,292.584991455,536104
2025-08-04 15:30:00+00:00,292.584991455,292.730010986,291.970001221,292.079986572,451172
2025-08-04 16:30:00+00:00,292.059997559,293.329986572,291.980010986,292.549987793,413391
2025-08-04 17:30:00+00:00,292.579986572,293.320007324,292.390014648,293.160003662,385153
2025-08-04 18:30:00+00:00,293.149993896,294.035003662,293.110687256,293.890014648,490797
2025-08-04 19:30:00+00:00,293.940002441,294.320007324,293.739990234,294.230010986,941185
2025-08-05 13:30:00+00:00,294.690002441,295.785003662,290.739990234,291.114990234,1365997
2025-08-05 14:30:00+00:00,291.079986572,291.089996338,287.239990234,288.440002441,1391476
2025-08-05 15:30:00+00:00,288.339996338,289.679901123,288.070007324,289.579986572,488496
2025-08-05 16:30:00+00:00,289.614990234,290.649993896,288.850006104,290.559997559,464902
2025-08-05 17:30:00+00:00,290.640014648,291.339996338,289.829986572,290.589996338,475971
2025-08-05 18:30:00+00:00,290.589996338,291.730010986,290.299987793,291.489990234,516547
2025-08-05 19:30:00+00:00,291.480010986,291.649902344,291.024993896,291.350006104,746067
2025-08-06 13:30:00+00:00,292.299987793,293.290008545,290.779998779,291.609985352,896855
2025-08-06 14:30:00+00:00,291.547485352,292.417510986,291.309997559,292.010009766,658763
2025-08-06 15:30:00+00:00,292.049987793,292.359985352,291.160003662,291.216308594,693014
2025-08-06 16:30:00+00:00,291.244995117,291.649993896,290.160003662,290.309997559,865054
2025-08-06 17:30:00+00:00,290.355010986,291.364990234,290.329986572,291.109985352,646686
2025-08-06 18:30:00+00:00,291.104400635,291.397796631,290.820007324,291.239990234,512235
2025-08-06 19:30:00+00:00,291.260009766,291.707305908,291.130004883,291.380004883,845444
2025-08-07 13:30:00+00:00,292.940002441,293.459991455,290.230010986,290.570007324,1135655
2025-08-07 14:30:00+00:00,290.619995117,290.850006104,288.720001221,289.019989014,1014029
2025-08-07 15:30:00+00:00,288.980010986,289.260009766,288.359985352,288.690002441,621088
2025-08-07 16:30:00+00:00,288.779998779,288.849914551,287.049987793,287.709991455,575805
2025-08-07 17:30:00+00:00,287.75,288.57989502,287.440002441,287.880004883,534633
2025-08-07 18:30:00+00:00,287.850006104,288.179992676,287.329986572,287.845001221,814793
2025-08-07 19:30:00+00:00,287.869995117,288.100006104,286.410003662,287.130004883,1578815
2025-08-08 13:30:00+00:00,288.980010986,291.230010986,287.609985352,289.850006104,1597156
2025-08-08 14:30:00+00:00,289.869995117,290.269195557,289.049987793,289.364990234,569968
2025-08-08 15:30:00+00:00,289.329986572,289.440002441,287.93838501,288.779998779,548579
2025-08-08 16:30:00+00:00,288.799987793,289.154998779,284.705993652,288.959991455,1247175
2025-08-08 17:30:00+00:00,288.959991455,289.75,288.940002441,289.244995117,514455
2025-08-08 18:30:00+00:00,289.299987793,289.359985352,288.420013428,288.720001221,615050
2025-08-08 19:30:00+00:00,288.720001221,288.880004883,287.99029541,288.809997559,643480
2025-08-11 13:30:00+00:00,289.399993896,290.920013428,288.779998779,290.209991455,814193
2025-08-11 14:30:00+00:00,290.179992676,290.539886475,289.079986572,290.439300537,541214
2025-08-11 15:30:00+00:00,290.404998779,291.320007324,290.119995117,291.010009766,368006
2025-08-11 16:30:00+00:00,290.989990234,290.989990234,289.364990234,289.75,283508
2025-08-11 17:30:00+00:00,289.755004883,290.079986572,289.416412354,289.475006104,385321
2025-08-11 18:30:00+00:00,289.475006104,289.910003662,289,289.820007324,472743
2025-08-11 19:30:00+00:00,289.799987793,290.084991455,289.010009766,289.709991455,1015433
2025-08-12 13:30:00+00:00,291.5,294.299987793,290.339996338,294.225006104,1561903
2025-08-12 14:30:00+00:00,294.299987793,294.75,292.510009766,292.609985352,1094961
2025-08-12 15:30:00+00:00,292.679992676,293.375,292.540008545,293.220001221,706225
2025-08-12 16:30:00+00:00,293.225006104,293.862609863,292.739990234,292.910003662,595046
2025-08-12 17:30:00+00:00,292.879211426,294.630004883,292.820007324,293.769989014,839508
2025-08-12 18:30:00+00:00,293.795013428,293.795013428,293,293.220001221,599332
2025-08-12 19:30:00+00:00,293.25,293.410003662,292.320007324,292.769989014,1229032
2025-08-13 13:30:00+00:00,293.950012207,294.549987793,292.730010986,293.040008545,1326012
2025-08-13 14:30:00+00:00,293.040008545,293.179992676,290.75,291.584991455,1204865
2025-08-13 15:30:00+00:00,291.589996338,292.244995117,289.070007324,289.135009766,691183
2025-08-13 16:30:00+00:00,289.130004883,289.350006104,287.25,287.685211182,1152410
2025-08-13 17:30:00+00:00,287.679992676,289.799987793,287.160003662,289.630004883,767308
2025-08-13 18:30:00+00:00,289.630004883,290.230010986,289.079986572,289.679992676,799197
2025-08-13 19:30:00+00:00,289.674987793,290.825012207,289.329986572,290.589996338,1069749
2025-08-14 13:30:00+00:00,290.579986572,292.449584961,289.639099121,291.619995117,1140253
2025-08-14 14:30:00+00:00,291.619995117,292.660003662,290.929992676,292.404998779,554367
2025-08-14 15:30:00+00:00,292.415008545,293.130004883,291.700012207,291.829986572,659490
2025-08-14 16:30:00+00:00,291.869995117,292.705291748,291.040008545,292.684387207,415534
2025-08-14 17:30:00+00:00,292.725006104,292.818786621,292.049987793,292.380004883,391212
2025-08-14 18:30:00+00:00,292.329986572,293.649993896,292.308013916,293.149993896,652861
2025-08-14 19:30:00+00:00,293.130004883,294.200012207,293,294.089996338,843220
2025-08-15 13:30:00+00:00,294.839996338,295.5,290.079986572,290.890014648,2031371
2025-08-15 14:30:00+00:00,290.894989014,291.695007324,290.769989014,291.059997559,588533
2025-08-15 15:30:00+00:00,291.095001221,291.540008545,290.600097656,290.859985352,453753
2025-08-15 16:30:00+00:00,290.920013428,290.945007324,289.820007324,290.730010986,530198
2025-08-15 17:30:00+00:00,290.755004883,291.099914551,290.5,290.940002441,400238
2025-08-15 18:30:00+00:00,290.940002441,291.450012207,290.662200928,291.010009766,480842
2025-08-15 19:30:00+00:00,291.010009766,291.25,290.209991455,290.489990234,957250
2025-08-18 13:30:00+00:00,290,290.470001221,288.410003662,289.529998779,933549
2025-08-18 14:30:00+00:00,289.545013428,290.850006104,289.320007324,290.815002441,550918
2025-08-18 15:30:00+00:00,290.859985352,291.350006104,290.559997559,291.20300293,453072
2025-08-18 16:30:00+00:00,291.179992676,291.899993896,290.790008545,291.517486572,369433
2025-08-18 17:30:00+00:00,291.510009766,291.859985352,290.920013428,291.069885254,375970
2025-08-18 18:30:00+00:00,290.986297607,291.453186035,290.700012207,291.359985352,1176282
2025-08-18 19:30:00+00:00,291.364685059,291.809997559,291.279998779,291.489990234,610413
2025-08-19 13:30:00+00:00,290.829986572,292.480010986,290.5,291.797485352,1067587
2025-08-19 14:30:00+00:00,291.869995117,292.299987793,291.279998779,291.769989014,826250
2025-08-19 15:30:00+00:00,291.720001221,291.850006104,289.920013428,290.299987793,510921
2025-08-19 16:30:00+00:00,290.279998779,290.599914551,289.702911377,289.910003662,426103
2025-08-19 17:30:00+00:00,289.869995117,290.359985352,289.540496826,290.114990234,422857
2025-08-19 18:30:00+00:00,290.109985352,290.409912109,289.529998779,290.100006104,656768
2025-08-19 19:30:00+00:00,290.119995117,290.709991455,289.670013428,290.630004883,965486
2025-08-20 13:30:00+00:00,290.809997559,293.329986572,287.269989014,290.355010986,1737491
2025-08-20 14:30:00+00:00,290.359985352,292.25,289.730010986,292.25,889442
2025-08-20 15:30:00+00:00,292.200012207,292.265014648,290.582214355,291.445007324,447570
2025-08-20 16:30:00+00:00,291.390014648,292.184997559,291.06060791,291.82119751,453100
2025-08-20 17:30:00+00:00,291.940002441,292.789886475,291.239990234,291.540008545,512015
2025-08-20 18:30:00+00:00,291.609985352,293,291.380004883,292.829986572,523508
2025-08-20 19:30:00+00:00,292.799987793,293.234985352,292.040008545,292.209991455,770658
2025-08-21 13:30:00+00:00,291.940002441,292.470001221,289.472503662,292.380004883,1765247
2025-08-21 14:30:00+00:00,292.404998779,292.766113281,291.556213379,292.015014648,451590
2025-08-21 15:30:00+00:00,292.020996094,292.5,291.109985352,291.709991455,437388
2025-08-21 16:30:00+00:00,291.75,292.160003662,291.424987793,291.589996338,396781
2025-08-21 17:30:00+00:00,291.619995117,292.220001221,291.429992676,291.519989014,371428
2025-08-21 18:30:00+00:00,291.510009766,292.070007324,291.279998779,291.445007324,476054
2025-08-21 19:30:00+00:00,291.410003662,291.679992676,290.940002441,291.399993896,876740
2025-08-22 13:30:00+00:00,293.200012207,295.839996338,290.130004883,291.399993896,1700169
2025-08-22 14:30:00+00:00,291.394989014,295.570007324,291.394989014,295.540008545,1028050
2025-08-22 15:30:00+00:00,295.575012207,297.160003662,295.359985352,296.25,947695
2025-08-22 16:30:00+00:00,296.334991455,296.899902344,296.170013428,296.660003662,521813
2025-08-22 17:30:00+00:00,296.660003662,296.815002441,295.549987793,295.582489014,492322
2025-08-22 18:30:00+00:00,295.619995117,296.249694824,295.310089111,295.540008545,741577
2025-08-22 19:30:00+00:00,295.54989624,296.329986572,295.089996338,296.239990234,1238660
2025-08-25 13:30:00+00:00,296.239990234,297.347503662,294.959991455,295.899993896,1476022
2025-08-25 14:30:00+00:00,295.959899902,296.040008545,295.029998779,295.452514648,974782
2025-08-25 15:30:00+00:00,295.459991455,295.875,294.140014648,295.529998779,622317
2025-08-25 16:30:00+00:00,295.569885254,295.769897461,294.959991455,295.347503662,322277
2025-08-25 17:30:00+00:00,295.343688965,295.472412109,294.853302002,295.434997559,348621
2025-08-25 18:30:00+00:00,295.424987793,295.720001221,295.010009766,295.040008545,541795
2025-08-25 19:30:00+00:00,295.019989014,295.399993896,294.679992676,294.799987793,715669
2025-08-26 13:30:00+00:00,294.160003662,295.200012207,293.500091553,294.920013428,742909
2025-08-26 14:30:00+00:00,294.910003662,294.989990234,293.971405029,294.323791504,698387
2025-08-26 15:30:00+00:00,294.209991455,296.399993896,294.160003662,296.059997559,538345
2025-08-26 16:30:00+00:00,296.059997559,296.890014648,295.990112305,296.859985352,400438
2025-08-26 17:30:00+00:00,296.880004883,297.040008545,296.309997559,297.010009766,411676
2025-08-26 18:30:00+00:00,297.040008545,298.079986572,297.010009766,297.933013916,731273
2025-08-26 19:30:00+00:00,297.910003662,298.739990234,297.720001221,298.519989014,901361
2025-08-27 13:30:00+00:00,297.25,299.130004883,297.040008545,298.902008057,1043525
2025-08-27 14:30:00+00:00,298.859985352,301.070007324,298.809997559,300.734985352,804045
2025-08-27 15:30:00+00:00,300.744995117,300.849914551,298.554992676,298.760009766,581250
2025-08-27 16:30:00+00:00,298.75,299.640014648,298.390014648,299.575012207,668474
2025-08-27 17:30:00+00:00,299.599914551,299.939910889,299.399993896,299.829986572,391882
2025-08-27 18:30:00+00:00,299.790008545,300.489990234,299.769989014,300.290008545,571102
2025-08-27 19:30:00+00:00,300.299987793,300.669891357,299.299987793,299.320007324,761772
2025-08-28 13:30:00+00:00,300.024993896,300.679992676,298.700012207,300.417114258,1110311
2025-08-28 14:30:00+00:00,300.470001221,300.859985352,299.369995117,299.630004883,602380
2025-08-28 15:30:00+00:00,299.700012207,301.239898682,299.700012207,301.179992676,421936
2025-08-28 16:30:00+00:00,301.209991455,301.209991455,300.079986572,300.450012207,389890
2025-08-28 17:30:00+00:00,300.399993896,300.882110596,300.260101318,300.839996338,332419
2025-08-28 18:30:00+00:00,300.839996338,301.12991333,300.510009766,300.744995117,636332
2025-08-28 19:30:00+00:00,300.751495361,301.200012207,300.545013428,300.739990234,836315
2025-08-29 13:30:00+00:00,301.630004883,302.329986572,300.119995117,300.549987793,1105673
2025-08-29 14:30:00+00:00,300.595001221,301.898284912,299.730010986,301.489990234,586546
2025-08-29 15:30:00+00:00,301.535003662,302.950012207,301.390106201,302.380004883,640007
2025-08-29 16:30:00+00:00,302.429992676,302.869903564,302,302.269989014,546488
2025-08-29 17:30:00+00:00,302.260009766,302.609985352,301.990112305,302.140014648,327952
2025-08-29 18:30:00+00:00,302.170013428,302.342010498,301.67010498,301.75,455007
2025-08-29 19:30:00+00:00,301.75,301.850006104,300.950012207,301.459991455,913735
2025-09-02 13:30:00+00:00,300.260009766,300.454986572,294.5,296.869995117,1939771
2025-09-02 14:30:00+00:00,296.910003662,298.140411377,296.530090332,297.459991455,785101
2025-09-02 15:30:00+00:00,297.399993896,297.690002441,296.920013428,297.230010986,654940
2025-09-02 16:30:00+00:00,297.180999756,298.450012207,297.010009766,298.380004883,423818
2025-09-02 17:30:00+00:00,298.410003662,298.859985352,298.170013428,298.262512207,463360
2025-09-02 18:30:00+00:00,298.234985352,298.779998779,297.782012939,298.714996338,473080
2025-09-02 19:30:00+00:00,298.690002441,299.919799805,298.644989014,299.640014648,971550
2025-09-03 13:30:00+00:00,300.570007324,300.570007324,297.839996338,298.799987793,1680582
2025-09-03 14:30:00+00:00,298.869995117,299.920013428,298.445007324,298.535003662,770775
2025-09-03 15:30:00+00:00,298.567504883,298.929992676,297.75,297.75,350239
2025-09-03 16:30:00+00:00,297.790008545,297.820007324,296.623687744,297.320007324,455253
2025-09-03 17:30:00+00:00,297.299987793,297.660003662,296.380004883,297.359985352,348204
2025-09-03 18:30:00+00:00,297.299987793,297.679992676,297.040008545,297.579986572,371667
2025-09-03 19:30:00+00:00,297.584991455,299.489990234,297.579986572,299.429992676,930665
2025-09-04 13:30:00+00:00,300,302.05380249,298.279998779,301.924987793,1203267
2025-09-04 14:30:00+00:00,301.880004883,303.029998779,301.610107422,302.779998779,626050
2025-09-04 15:30:00+00:00,302.755004883,303.320007324,302.510009766,302.790008545,545301
2025-09-04 16:30:00+00:00,302.839996338,303.339996338,302.690093994,303.279998779,526803
2025-09-04 17:30:00+00:00,303.279998779,304.429992676,303.180114746,303.914306641,752874
2025-09-04 18:30:00+00:00,303.920013428,303.980010986,303.440002441,303.785003662,607213
2025-09-04 19:30:00+00:00,303.779998779,303.941497803,303.529998779,303.839996338,974238
2025-09-05 13:30:00+00:00,303.649993896,305.149993896,297.335388184,298.010009766,2195595
2025-09-05 14:30:00+00:00,298,298.279998779,294.529998779,296.510009766,1543359
2025-09-05 15:30:00+00:00,296.519989014,296.700012207,295.431396484,295.709991455,645119
2025-09-05 16:30:00+00:00,295.75,296.660003662,295.339996338,295.339996338,492534
2025-09-05 17:30:00+00:00,295.309997559,295.480010986,294.350006104,295.230010986,669849
2025-09-05 18:30:00+00:00,295.209991455,296.010009766,295.070007324,295.679992676,759420
2025-09-05 19:30:00+00:00,295.730010986,296.059997559,294.309997559,294.450012207,1424531
2025-09-08 13:30:00+00:00,294.890014648,296.459991455,292.450012207,293.920013428,1719939
2025-09-08 14:30:00+00:00,293.920013428,294.75,293.320007324,293.380004883,868099
2025-09-08 15:30:00+00:00,293.299987793,293.529998779,291.880004883,292.87600708,773178
2025-09-08 16:30:00+00:00,292.815002441,293.010009766,292.329986572,292.529998779,515042
2025-09-08 17:30:00+00:00,292.489990234,292.709991455,291.440002441,292.480010986,553209
2025-09-08 18:30:00+00:00,292.450012207,293.489898682,292.200012207,293.075012207,641391
2025-09-08 19:30:00+00:00,293.079986572,293.700012207,292.764007568,292.989990234,1287859
2025-09-09 13:30:00+00:00,292.640014648,295.809997559,292.339996338,295.299987793,1191982
2025-09-09 14:30:00+00:00,295.345001221,299,294.714996338,298.024993896,1781821
2025-09-09 15:30:00+00:00,298.019989014,298.450012207,296.390014648,296.859985352,552055
2025-09-09 16:30:00+00:00,296.809997559,297.869995117,296.315002441,297.089996338,678167
2025-09-09 17:30:00+00:00,297.059997559,298.910003662,296.890014648,298.630004883,552654
2025-09-09 18:30:00+00:00,298.670013428,298.774993896,297.470001221,298.059997559,748977
2025-09-09 19:30:00+00:00,297.950012207,298.679992676,297.600006104,297.779998779,1187078
2025-09-10 13:30:00+00:00,296.700012207,301.263305664,295.399993896,300.720001221,1810058
2025-09-10 14:30:00+00:00,300.619995117,300.654998779,298.5,299.130004883,771389
2025-09-10 15:30:00+00:00,299.12991333,301.540008545,298.670013428,300.730010986,635490
2025-09-10 16:30:00+00:00,300.699798584,301.415008545,300.197509766,300.643096924,449136
2025-09-10 17:30:00+00:00,300.609985352,301.040008545,300.260009766,300.459991455,372855
2025-09-10 18:30:00+00:00,300.429992676,300.820007324,300.040008545,300.06729126,498005
2025-09-10 19:30:00+00:00,300.239990234,300.989990234,300.100006104,300.621887207,863114
2025-09-11 13:30:00+00:00,301.660003662,304.959991455,300.792510986,304.059997559,1591452
2025-09-11 14:30:00+00:00,304.059997559,305.730010986,303.25,303.839996338,872197
2025-09-11 15:30:00+00:00,303.869995117,304.799987793,302.950012207,304.529998779,725691
2025-09-11 16:30:00+00:00,304.589996338,304.760009766,303.934997559,304.359985352,432226
2025-09-11 17:30:00+00:00,304.410003662,305.399902344,304.309997559,304.799987793,508767
2025-09-11 18:30:00+00:00,304.790008545,305.269989014,304.100006104,305.127502441,593921
2025-09-11 19:30:00+00:00,305.122497559,305.649993896,304.980010986,305.489990234,1107636
2025-09-12 13:30:00+00:00,305,306.670013428,303.695007324,306,1046450
2025-09-12 14:30:00+00:00,305.910003662,305.940002441,304.260009766,304.714996338,615655
2025-09-12 15:30:00+00:00,304.720001221,305.945007324,304.521789551,305.829986572,377770
2025-09-12 16:30:00+00:00,305.825012207,307.069885254,305.615203857,306.885009766,550776
2025-09-12 17:30:00+00:00,306.875,307.279998779,306.529998779,307.269989014,411510
2025-09-12 18:30:00+00:00,307.299987793,307.474609375,306.940002441,307.210601807,479569
2025-09-12 19:30:00+00:00,307.160003662,307.549987793,306.660003662,306.910003662,769910
2025-09-15 13:30:00+00:00,307.170013428,309.950012207,307.170013428,308.570007324,977842
2025-09-15 14:30:00+00:00,308.625,309.440002441,308.180206299,308.209991455,574317
2025-09-15 15:30:00+00:00,308.194396973,308.980010986,307.839996338,308.790008545,430593
2025-09-15 16:30:00+00:00,308.820007324,309.227996826,308.230010986,309,433505
2025-09-15 17:30:00+00:00,309,309.440002441,308.045013428,308.779998779,424207
2025-09-15 18:30:00+00:00,308.75,309.359985352,308.519989014,309.210113525,412980
2025-09-15 19:30:00+00:00,309.244995117,309.760009766,308.75,309.019989014,1107635
2025-09-16 13:30:00+00:00,310,310.079986572,307.269989014,307.760009766,1369472
2025-09-16 14:30:00+00:00,307.760009766,308.769989014,307.279998779,307.524993896,679181
2025-09-16 15:30:00+00:00,307.480010986,308.909484863,307.13470459,308.545013428,618139
2025-09-16 16:30:00+00:00,308.619995117,310.579986572,308.359985352,310.100006104,650945
2025-09-16 17:30:00+00:00,310.170013428,310.899993896,309.859985352,310.015014648,603441
2025-09-16 18:30:00+00:00,309.989990234,310.279998779,309.089996338,309.239990234,774744
2025-09-16 19:30:00+00:00,309.260009766,309.640014648,308.809997559,309.269989014,1261773
2025-09-17 13:30:00+00:00,310.390014648,312.309906006,309,311.734985352,1344070
2025-09-17 14:30:00+00:00,311.709991455,312.910003662,311.25,312.315002441,792928
2025-09-17 15:30:00+00:00,312.315002441,312.640014648,311.019989014,311.179992676,814018
2025-09-17 16:30:00+00:00,311.190002441,311.410003662,309.679992676,310.010009766,649034
2025-09-17 17:30:00+00:00,310.024993896,312.799987793,309.050109863,312,1118683
2025-09-17 18:30:00+00:00,312.00100708,312.721984863,308.772186279,311.709991455,1185286
2025-09-17 19:30:00+00:00,311.700012207,312.359985352,311.140014648,311.75,1047156
2025-09-18 13:30:00+00:00,311.790008545,313.25,309.779998779,312.420013428,1683645
2025-09-18 14:30:00+00:00,312.480010986,312.799987793,309.779998779,310.095001221,1004334
2025-09-18 15:30:00+00:00,310.089996338,311.069396973,309.609985352,311.045013428,683867
2025-09-18 16:30:00+00:00,311.078887939,312,310.829986572,311.454406738,506676
2025-09-18 17:30:00+00:00,311.499908447,312.299987793,311.204986572,311.549987793,548033
2025-09-18 18:30:00+00:00,311.515014648,312.885009766,311.130004883,312.690002441,902052
2025-09-18 19:30:00+00:00,312.630004883,313.440002441,312.200012207,313.200012207,980651
2025-09-19 13:30:00+00:00,313.600006104,313.989990234,309.119995117,311.484985352,3782070
2025-09-19 14:30:00+00:00,311.380004883,312.220001221,310.929992676,311.720001221,789702
2025-09-19 15:30:00+00:00,311.614990234,314.079986572,311.410003662,313.570007324,1053578
2025-09-19 16:30:00+00:00,313.559997559,314.209991455,313.260009766,313.580108643,545263
2025-09-19 17:30:00+00:00,313.619995117,314.62689209,313.220092773,314.244995117,695362
2025-09-19 18:30:00+00:00,314.244995117,315.386810303,314.059997559,315.130004883,669727
2025-09-19 19:30:00+00:00,315.109985352,315.799987793,313.839996338,314.720001221,1547781
2025-09-22 13:30:00+00:00,309.799987793,313.670013428,309.554992676,312.024993896,1604037
2025-09-22 14:30:00+00:00,312.040008545,313.089996338,311.890014648,312.359985352,643111
2025-09-22 15:30:00+00:00,312.420013428,313.420013428,312.320007324,313.089996338,497043
2025-09-22 16:30:00+00:00,313.109985352,313.700012207,312.869995117,313.239990234,416363
2025-09-22 17:30:00+00:00,313.25,313.480010986,311.942687988,312.010009766,549322
2025-09-22 18:30:00+00:00,311.989990234,312.679992676,311.880004883,312.329986572,622544
2025-09-22 19:30:00+00:00,312.290008545,313.140014648,312.239990234,312.450012207,1020951
2025-09-23 13:30:00+00:00,311.815002441,316.314086914,311.700012207,315.369995117,1316967
2025-09-23 14:30:00+00:00,315.293487549,316.059997559,314.164001465,314.355010986,653672
2025-09-23 15:30:00+00:00,314.399993896,314.685791016,313.434997559,313.601989746,559135
2025-09-23 16:30:00+00:00,313.554992676,314.010009766,311.600006104,311.619995117,579314
2025-09-23 17:30:00+00:00,311.5,311.790008545,310.579986572,311.149993896,621942
2025-09-23 18:30:00+00:00,311.190002441,311.954986572,311.184997559,311.713989258,525748
2025-09-23 19:30:00+00:00,311.755004883,312.760009766,311.635009766,312.75,875629
2025-09-24 13:30:00+00:00,314.049987793,316.350006104,313.799987793,315.75,1009788
2025-09-24 14:30:00+00:00,315.760009766,316.577301025,314.700012207,315.040008545,642987
2025-09-24 15:30:00+00:00,315.040008545,315.25,312.75,313.190002441,566790
2025-09-24 16:30:00+00:00,313.25,313.5,312.75,312.959991455,412238
2025-09-24 17:30:00+00:00,312.989990234,313.070007324,311.665008545,312.899993896,440086
2025-09-24 18:30:00+00:00,312.899993896,313.170013428,312.649993896,313.089996338,536565
2025-09-24 19:30:00+00:00,313.070007324,313.510009766,312.769989014,313.440002441,990766
2025-09-25 13:30:00+00:00,314.119995117,315.57989502,311.799987793,314.75,1507776
2025-09-25 14:30:00+00:00,314.730010986,315.649993896,313.200012207,313.554992676,744052
2025-09-25 15:30:00+00:00,313.630004883,314.885986328,313.3125,313.799987793,612634
2025-09-25 16:30:00+00:00,313.804992676,314.380004883,312.830108643,313,327040
2025-09-25 17:30:00+00:00,313.040008545,313.369995117,312,312.964996338,430321
2025-09-25 18:30:00+00:00,313.009887695,313.570007324,312.769989014,312.890014648,457453
2025-09-25 19:30:00+00:00,312.929992676,313.700012207,312.790008545,313.440002441,718317
2025-09-26 13:30:00+00:00,314.899993896,317.329986572,314.105010986,314.519989014,2173143
2025-09-26 14:30:00+00:00,314.470001221,315.970001221,313.70401001,315.804992676,586820
2025-09-26 15:30:00+00:00,315.869995117,316.549987793,315.350006104,316.479187012,427898
2025-09-26 16:30:00+00:00,316.459991455,317.609985352,316.355010986,317.114990234,427884
2025-09-26 17:30:00+00:00,317.119995117,317.809997559,316.859985352,317.255004883,456760
2025-09-26 18:30:00+00:00,317.255004883,317.659393311,316.609985352,316.760009766,592663
2025-09-26 19:30:00+00:00,316.785003662,316.980010986,315.950012207,316.059997559,1048525
2025-09-29 13:30:00+00:00,317.059997559,318.010009766,313.959991455,315.380004883,1275678
2025-09-29 14:30:00+00:00,315.390014648,316.070007324,313.660003662,314.739990234,739519
2025-09-29 15:30:00+00:00,314.720001221,315.190002441,314.200012207,314.890014648,483913
2025-09-29 16:30:00+00:00,314.966308594,315.049987793,314.040008545,314.083007812,377814
2025-09-29 17:30:00+00:00,314.160003662,315.089996338,314.040985107,315.010009766,409255
2025-09-29 18:30:00+00:00,314.993408203,315.440002441,314.484985352,315.040008545,485363
2025-09-29 19:30:00+00:00,315.024993896,316.109985352,315.024993896,315.730010986,704189
2025-09-30 13:30:00+00:00,316.25,317.410003662,313.44229126,314.024993896,1313005
2025-09-30 14:30:00+00:00,314.089996338,314.160003662,310.109985352,311.339996338,1388726
2025-09-30 15:30:00+00:00,311.25,313.959991455,311.230010986,313.625,830438
2025-09-30 16:30:00+00:00,313.640014648,313.929992676,312.625,312.989990234,659294
2025-09-30 17:30:00+00:00,312.989990234,314.010009766,312.390014648,313.970001221,480582
2025-09-30 18:30:00+00:00,314,315.489990234,313.709991455,315.459991455,768142
2025-09-30 19:30:00+00:00,315.464996338,316.149993896,314.519989014,315.359985352,977718
2025-10-01 13:30:00+00:00,313.970001221,314.589996338,307.410003662,312.635009766,1699428
2025-10-01 14:30:00+00:00,312.549987793,312.949890137,311.540100098,311.973602295,650987
2025-10-01 15:30:00+00:00,311.980010986,312.899993896,311.239990234,312.089996338,496485
2025-10-01 16:30:00+00:00,312.065002441,312.269989014,310.915008545,311.376800537,397139
2025-10-01 17:30:00+00:00,311.380004883,311.609985352,310.329986572,311,417464
2025-10-01 18:30:00+00:00,310.984985352,312,310.940002441,311.348114014,531592
2025-10-01 19:30:00+00:00,311.339996338,311.399993896,310.640014648,310.700012207,871777
2025-10-02 13:30:00+00:00,310,310.559997559,307.200012207,308.190002441,2100206
2025-10-02 14:30:00+00:00,308.214996338,309.146514893,306.880004883,307.309997559,773905
2025-10-02 15:30:00+00:00,307.279998779,307.558410645,306.140014648,306.869995117,647523
2025-10-02 16:30:00+00:00,306.839996338,307.480010986,306.429992676,306.944000244,484600
2025-10-02 17:30:00+00:00,306.999389648,307.933410645,306.519989014,307.839996338,488485
2025-10-02 18:30:00+00:00,307.839996338,307.920013428,306.959991455,307.760009766,669102
2025-10-02 19:30:00+00:00,307.739990234,307.929992676,307.480010986,307.549987793,941871
2025-10-03 13:30:00+00:00,308.510009766,311.660003662,308.209991455,310.190002441,1279644
2025-10-03 14:30:00+00:00,310.160003662,311.25,309.079986572,309.230010986,704251
2025-10-03 15:30:00+00:00,309.222503662,310.880004883,309.029998779,310.695007324,552110
2025-10-03 16:30:00+00:00,310.609985352,311.429992676,310.420013428,310.725006104,483224
2025-10-03 17:30:00+00:00,310.660003662,310.959991455,309.661987305,310.496612549,430948
2025-10-03 18:30:00+00:00,310.5,310.679992676,310.019989014,310.160003662,431212
2025-10-03 19:30:00+00:00,310.166992188,310.75,309.790008545,310.010009766,759490
2025-10-06 13:30:00+00:00,310.179992676,311.747406006,305.130096436,308.160003662,1801309
2025-10-06 14:30:00+00:00,308.160003662,310.614990234,308.010009766,310.279998779,689869
2025-10-06 15:30:00+00:00,310.279998779,310.334991455,308.230010986,309.269989014,613050
2025-10-06 16:30:00+00:00,309.149993896,309.299987793,308.244995117,308.839996338,466021
2025-10-06 17:30:00+00:00,308.850006104,309.089996338,308.222595215,308.600006104,390030
2025-10-06 18:30:00+00:00,308.654998779,308.730010986,307.880004883,308.290008545,481833
2025-10-06 19:30:00+00:00,308.279998779,309.290008545,308.190002441,309.179992676,550544
2025-10-07 13:30:00+00:00,309.350006104,310.010009766,307.003112793,307.829986572,2648321
2025-10-07 14:30:00+00:00,307.769989014,307.970001221,306.049987793,306.660095215,896628
2025-10-07 15:30:00+00:00,306.790008545,307.559997559,304.700012207,306.22088623,740849
2025-10-07 16:30:00+00:00,306.149993896,307.799987793,306.149993896,307.200012207,387664
2025-10-07 17:30:00+00:00,307.140014648,307.649993896,306.799987793,307.140014648,360169
2025-10-07 18:30:00+00:00,307.079986572,307.644989014,307,307.5,438494
2025-10-07 19:30:00+00:00,307.470001221,307.920013428,307.274200439,307.695007324,626346
2025-10-08 13:30:00+00:00,308.209991455,308.783203125,303.549987793,307.144989014,1391928
2025-10-08 14:30:00+00:00,307.119995117,307.540008545,306.750091553,307.279998779,552388
2025-10-08 15:30:00+00:00,307.269989014,308.018188477,306.820007324,307.579986572,405534
2025-10-08 16:30:00+00:00,307.579986572,307.809997559,307.195007324,307.239990234,275018
2025-10-08 17:30:00+00:00,307.329986572,307.345001221,305.805999756,306.06439209,426123
2025-10-08 18:30:00+00:00,306.035003662,306.035003662,304.420013428,304.575012207,529226
2025-10-08 19:30:00+00:00,304.559997559,304.75,304,304.049987793,870057
2025-10-09 13:30:00+00:00,305.049987793,308.035003662,303.779998779,304.130004883,1866134
2025-10-09 14:30:00+00:00,304.018188477,304.970001221,303.394714355,304.130004883,531776
2025-10-09 15:30:00+00:00,304.096710205,305.130004883,303.799987793,304.665008545,457386
2025-10-09 16:30:00+00:00,304.709991455,305.299987793,304.270111084,305.010009766,346439
2025-10-09 17:30:00+00:00,304.959991455,305.410003662,304.640014648,304.990112305,430607
2025-10-09 18:30:00+00:00,305.059997559,305.608886719,304.969604492,305.299987793,538989
2025-10-09 19:30:00+00:00,305.329986572,306.428100586,305.149993896,305.549987793,707388
2025-10-10 13:30:00+00:00,305.660003662,310.470001221,305.660003662,309.524993896,1575645
2025-10-10 14:30:00+00:00,309.524993896,310.140014648,305.450012207,305.790008545,1331356
2025-10-10 15:30:00+00:00,305.725006104,305.834991455,302.85559082,303.75,1053190
2025-10-10 16:30:00+00:00,303.679992676,304.589996338,302.605010986,303.769989014,519958
2025-10-10 17:30:00+00:00,303.769989014,304.630004883,303.160003662,303.609985352,467350
2025-10-10 18:30:00+00:00,303.640014648,303.820007324,302,302.214996338,650630
2025-10-10 19:30:00+00:00,302.230010986,302.753509521,300.809997559,301.010009766,1073794
2025-10-13 13:30:00+00:00,305.600006104,309.459991455,305.450012207,307.489990234,2354089
2025-10-13 14:30:00+00:00,307.470001221,308.609710693,306.730010986,308.079986572,1035827
2025-10-13 15:30:00+00:00,308.040008545,308.559997559,306.829986572,307.739990234,917248
2025-10-13 16:30:00+00:00,307.654998779,308.070007324,307.100006104,307.989990234,815792
2025-10-13 17:30:00+00:00,308.00579834,309.230010986,307.549987793,308.890014648,914454
2025-10-13 18:30:00+00:00,308.879302979,309.089996338,307.440002441,308.575012207,967219
2025-10-13 19:30:00+00:00,308.570007324,309.410003662,307.890014648,307.940002441,1453419
2025-10-14 13:30:00+00:00,305.839996338,307,294.209991455,301.600006104,5692174
2025-10-14 14:30:00+00:00,301.759887695,304.565002441,301.153503418,301.899993896,1942789
2025-10-14 15:30:00+00:00,301.899993896,304.329986572,301.220001221,303.464996338,1265368
2025-10-14 16:30:00+00:00,303.464996338,305.809997559,303.380004883,305.804992676,1106847
2025-10-14 17:30:00+00:00,305.829986572,306.839996338,303.359985352,303.760009766,1104400
2025-10-14 18:30:00+00:00,303.799987793,304.465515137,302.670013428,303.410003662,1136911
2025-10-14 19:30:00+00:00,303.459991455,303.459991455,301.149993896,301.989990234,1887257
2025-10-15 13:30:00+00:00,306.390014648,312.119903564,306.299987793,311.880004883,2644260
2025-10-15 14:30:00+00:00,311.850006104,312.010009766,309.770812988,310.904998779,1111334
2025-10-15 15:30:00+00:00,310.902496338,311.149993896,307.839996338,309.534393311,829451
2025-10-15 16:30:00+00:00,309.554992676,309.700012207,306.010009766,307.339996338,602105
2025-10-15 17:30:00+00:00,307.25,309.309997559,306.269989014,306.462585449,1138455
2025-10-15 18:30:00+00:00,306.466796875,308,306.260009766,306.720001221,774864
2025-10-15 19:30:00+00:00,306.714996338,306.869995117,305.440002441,305.839996338,1458366
2025-10-16 13:30:00+00:00,305.350006104,307.339996338,303.519989014,304.605010986,1479771
2025-10-16 14:30:00+00:00,304.600006104,308.679901123,304.410003662,307.531188965,1016913
2025-10-16 15:30:00+00:00,307.475006104,308.350006104,304.600006104,304.726501465,767531
2025-10-16 16:30:00+00:00,304.755004883,304.755004883,302.690002441,303.880004883,908490
2025-10-16 17:30:00+00:00,303.959991455,304.260009766,298.700012207,299.684997559,1146261
2025-10-16 18:30:00+00:00,299.660003662,301.25,297.17010498,297.260009766,1366387
2025-10-16 19:30:00+00:00,297.200012207,299.5,297.070007324,298.570007324,1805656
2025-10-17 13:30:00+00:00,299.160003662,299.549987793,294.399993896,297.350006104,2996329
2025-10-17 14:30:00+00:00,297.350006104,297.755004883,294.200012207,296.019989014,1726763
2025-10-17 15:30:00+00:00,296.029998779,297.355010986,295.200012207,296.839996338,856602
2025-10-17 16:30:00+00:00,296.839996338,297.049987793,295.799987793,296.859985352,531074
2025-10-17 17:30:00+00:00,296.825012207,298.290008545,296.670013428,297.662506104,664783
2025-10-17 18:30:00+00:00,297.674987793,298.239990234,297.445007324,297.790008545,657617
2025-10-17 19:30:00+00:00,297.75,298.25,297.440002441,297.619995117,872896
2025-10-20 13:30:00+00:00,298.5,300.399993896,298.160095215,300.029998779,1385035
2025-10-20 14:30:00+00:00,300.029998779,302.005004883,299.980010986,301.519989014,869448
2025-10-20 15:30:00+00:00,301.519989014,301.769989014,300.760009766,301.75,455399
2025-10-20 16:30:00+00:00,301.790008545,302.549987793,301.399993896,302.541412354,443852
2025-10-20 17:30:00+00:00,302.459991455,303.690002441,302.291503906,303.579986572,617782
2025-10-20 18:30:00+00:00,303.579986572,303.609985352,302.170013428,302.320007324,603054
2025-10-20 19:30:00+00:00,302.309997559,303.118988037,302.010986328,302.380004883,898797
2025-10-21 13:30:00+00:00,301.660003662,304.049987793,301.480010986,301.575408936,1059430
2025-10-21 14:30:00+00:00,301.565002441,302.329986572,300.630096436,301.219299316,676353
2025-10-21 15:30:00+00:00,301.25,301.589996338,299.519989014,299.654998779,659927
2025-10-21 16:30:00+00:00,299.700012207,300.549987793,298.359985352,298.447509766,675543
2025-10-21 17:30:00+00:00,298.440002441,299.130004883,298,298.839996338,556994
2025-10-21 18:30:00+00:00,298.785003662,298.970001221,298.070007324,298.285003662,695012
2025-10-21 19:30:00+00:00,298.25,298.519989014,297,297.059997559,1374750
2025-10-22 13:30:00+00:00,297.769989014,298.059906006,294.5,294.519989014,1384340
2025-10-22 14:30:00+00:00,294.519989014,295.390014648,293,293.579986572,819390
2025-10-22 15:30:00+00:00,293.570007324,293.790008545,292.200012207,292.574005127,897440
2025-10-22 16:30:00+00:00,292.570007324,293.720001221,290.544799805,291.476104736,812039
2025-10-22 17:30:00+00:00,291.429992676,292.081390381,290.790008545,291.790008545,616761
2025-10-22 18:30:00+00:00,291.720001221,293.595001221,291.709991455,293.450012207,786502
2025-10-22 19:30:00+00:00,293.429992676,294.170013428,293.25,294.100006104,964261
2025-10-23 13:30:00+00:00,294.380004883,296.369903564,292.510009766,294.859985352,1008791
2025-10-23 14:30:00+00:00,295.015014648,295.728485107,294.170013428,294.75,480513
2025-10-23 15:30:00+00:00,294.840301514,294.970001221,293.890014648,293.929992676,473131
2025-10-23 16:30:00+00:00,293.885009766,295.489990234,293.859985352,294.880004883,447862
2025-10-23 17:30:00+00:00,294.885009766,295.399993896,294.609985352,295.315002441,489449
2025-10-23 18:30:00+00:00,295.315002441,295.420013428,294.190002441,294.309997559,480378
2025-10-23 19:30:00+00:00,294.260009766,294.579986572,293.910003662,294.450012207,604405
2025-10-24 13:30:00+00:00,296.079986572,299.640014648,295.450012207,299.299987793,1204829
2025-10-24 14:30:00+00:00,299.392486572,301.420013428,299.290008545,301.390014648,909410
2025-10-24 15:30:00+00:00,301.359985352,302.600006104,301.320007324,301.359985352,745927
2025-10-24 16:30:00+00:00,301.359985352,302.154998779,301.209991455,302,437244
2025-10-24 17:30:00+00:00,301.980010986,302.350006104,301.072998047,301.799987793,442436
2025-10-24 18:30:00+00:00,301.809997559,302.079986572,300.820007324,301.082000732,640640
2025-10-24 19:30:00+00:00,301.070007324,301.380004883,300.049987793,300.519989014,1095883
2025-10-27 13:30:00+00:00,302.160003662,303.100006104,301.010009766,301.880004883,958115
2025-10-27 14:30:00+00:00,301.859985352,303,301.519989014,302.779998779,578753
2025-10-27 15:30:00+00:00,302.790008545,303.269195557,302.170013428,303.190490723,456382
2025-10-27 16:30:00+00:00,303.150085449,303.779998779,303,303.380004883,418097
2025-10-27 17:30:00+00:00,303.394989014,303.545013428,302.661193848,302.709991455,364933
2025-10-27 18:30:00+00:00,302.769989014,303.630004883,302.670013428,303.450012207,537347
2025-10-27 19:30:00+00:00,303.450012207,304.529998779,303.399993896,304.149993896,701624
2025-10-28 13:30:00+00:00,304.859985352,307.967407227,304.859985352,306.869995117,1242061
2025-10-28 14:30:00+00:00,306.920013428,307.144989014,304.760009766,305.290008545,786727
2025-10-28 15:30:00+00:00,305.25,305.284912109,303.559997559,303.588012695,556751
2025-10-28 16:30:00+00:00,303.519989014,304.779907227,303.160003662,304.570007324,549655
2025-10-28 17:30:00+00:00,304.589996338,306.116088867,304.390014648,305.609985352,428618
2025-10-28 18:30:00+00:00,305.654998779,305.98638916,305.255004883,305.850006104,470319
2025-10-28 19:30:00+00:00,305.845001221,305.890014648,304.920013428,305.359985352,755293
2025-10-29 13:30:00+00:00,303.510009766,306.600006104,303.279998779,305.359985352,1072205
2025-10-29 14:30:00+00:00,305.410003662,307.839996338,303.954986572,306.540008545,732458
2025-10-29 15:30:00+00:00,306.649993896,308.244995117,306.540008545,307.394989014,544840
2025-10-29 16:30:00+00:00,307.394989014,307.679992676,305.890014648,306.220001221,425869
2025-10-29 17:30:00+00:00,306.220001221,306.746002197,305.459991455,305.899993896,485784
2025-10-29 18:30:00+00:00,305.850006104,306.309997559,303.010009766,304.37008667,1210528
2025-10-29 19:30:00+00:00,304.489990234,305.739990234,303.575012207,305.609985352,948067
2025-10-30 13:30:00+00:00,305.790008545,310.760009766,305.100006104,309.986999512,1467758
2025-10-30 14:30:00+00:00,310.049987793,312.609985352,310.049987793,311.260009766,937149
2025-10-30 15:30:00+00:00,311.350006104,311.829986572,310.200012207,310.850006104,574096
2025-10-30 16:30:00+00:00,310.850006104,311.489990234,310.450012207,311.339996338,466041
2025-10-30 17:30:00+00:00,311.309997559,312.279998779,311.009002686,311.552490234,464927
2025-10-30 18:30:00+00:00,311.619995117,311.8565979,310.029998779,310.240203857,738991
2025-10-30 19:30:00+00:00,310.320007324,310.649993896,309.029998779,309.440002441,827784
2025-10-31 13:30:00+00:00,308.540008545,312.869995117,307.25,311.765014648,1482537
2025-10-31 14:30:00+00:00,311.760009766,312.820007324,310.029998779,310.214996338,905080
2025-10-31 15:30:00+00:00,310.255004883,310.769989014,308.929992676,310.309997559,642695
2025-10-31 16:30:00+00:00,310.320007324,310.529998779,309.179992676,309.75,413144
2025-10-31 17:30:00+00:00,309.799987793,311.519989014,309.230102539,311.109985352,495260
2025-10-31 18:30:00+00:00,311.165008545,311.875610352,311.019989014,311.769989014,618807
2025-10-31 19:30:00+00:00,311.765014648,312.320007324,311.049987793,311.089996338,1207539
2025-11-03 14:30:00+00:00,311,312.320007324,306.834991455,307.25,1602532
2025-11-03 15:30:00+00:00,307.220001221,309.899993896,306.209991455,309.890014648,894528
2025-11-03 16:30:00+00:00,309.920013428,311.119995117,309.209991455,309.674987793,654868
2025-11-03 17:30:00+00:00,309.660095215,310.329986572,309.429992676,309.429992676,345620
2025-11-03 18:30:00+00:00,309.480010986,310.475006104,309.434997559,310.220001221,547792
2025-11-03 19:30:00+00:00,310.220001221,310.609985352,309.839996338,310.475006104,677765
2025-11-03 20:30:00+00:00,310.475006104,310.489990234,309.119995117,309.440002441,1247490
2025-11-04 14:30:00+00:00,306.709991455,312.220001221,305.100006104,311.549987793,1533650
2025-11-04 15:30:00+00:00,311.540008545,311.584991455,308.890014648,310.640014648,956078
2025-11-04 16:30:00+00:00,310.640014648,310.970001221,309.299987793,309.790008545,500175
2025-11-04 17:30:00+00:00,309.690002441,310.140014648,308.700012207,308.920013428,425031
2025-11-04 18:30:00+00:00,308.910003662,309.029998779,308.125,308.595092773,536423
2025-11-04 19:30:00+00:00,308.559997559,309.649993896,307.989990234,309.640014648,637928
2025-11-04 20:30:00+00:00,309.600006104,310.220001221,308.839996338,309.265014648,910683
2025-11-05 14:30:00+00:00,309.609985352,309.980010986,305.630004883,309.285003662,1206582
2025-11-05 15:30:00+00:00,309.209991455,310.950012207,309.100097656,310.290008545,820844
2025-11-05 16:30:00+00:00,310.239990234,311.989990234,310.170013428,311.899993896,551083
2025-11-05 17:30:00+00:00,311.899993896,313.100006104,311.730010986,312.420013428,611053
2025-11-05 18:30:00+00:00,312.399993896,312.540008545,311.649993896,312.019989014,520048
2025-11-05 19:30:00+00:00,312.019989014,312.739990234,311.785003662,312.450012207,587827
2025-11-05 20:30:00+00:00,312.440002441,312.899993896,311.220001221,311.709991455,1076019
2025-11-06 14:30:00+00:00,310.989990234,314.408905029,310.260009766,312.565002441,1237052
2025-11-06 15:30:00+00:00,312.519989014,312.839996338,310.559997559,312.220001221,727449
2025-11-06 16:30:00+00:00,312.160003662,312.589996338,310.880004883,311.709991455,551530
2025-11-06 17:30:00+00:00,311.730010986,313.089996338,311.540008545,312.535003662,530517
2025-11-06 18:30:00+00:00,312.589996338,314.239990234,312.584991455,314.060089111,484522
2025-11-06 19:30:00+00:00,314.149993896,314.760009766,313.5,314.239990234,546992
2025-11-06 20:30:00+00:00,314.260009766,314.839996338,313.320007324,313.649993896,1052506
2025-11-07 14:30:00+00:00,311.890014648,313.609985352,310.209991455,313.100006104,1312764
2025-11-07 15:30:00+00:00,313.149993896,313.5,308.5,308.690002441,974387
2025-11-07 16:30:00+00:00,308.649993896,310.049987793,307.641998291,309.535003662,674581
2025-11-07 17:30:00+00:00,309.489990234,311.839904785,308.429992676,311.434997559,553691
2025-11-07 18:30:00+00:00,311.390014648,312.540008545,310.950012207,312.453491211,536072
2025-11-07 19:30:00+00:00,312.540008545,314.130004883,312.540008545,313.440002441,679135
2025-11-07 20:30:00+00:00,313.424987793,314.420013428,313.160003662,314.220001221,916950
2025-11-10 14:30:00+00:00,315,319.554992676,314.209991455,315.859985352,1359299
2025-11-10 15:30:00+00:00,315.720092773,315.929992676,314.5,314.855010986,510921
2025-11-10 16:30:00+00:00,314.880004883,316.880004883,314.875,316.700012207,356602
2025-11-10 17:30:00+00:00,316.720001221,317.864990234,316.720001221,317.570007324,364885
2025-11-10 18:30:00+00:00,317.640014648,317.959991455,317.279998779,317.884002686,424765
2025-11-10 19:30:00+00:00,317.869995117,317.959991455,316.970001221,317.209991455,545487
2025-11-10 20:30:00+00:00,317.190002441,317.549987793,316.5,316.970001221,895670
2025-11-11 14:30:00+00:00,317.5,319.049987793,315.279998779,315.644989014,1400590
2025-11-11 15:30:00+00:00,315.640014648,316.959991455,315.541107178,316.274993896,491126
2025-11-11 16:30:00+00:00,316.220092773,317.529998779,316.200012207,317.474090576,448692
2025-11-11 17:30:00+00:00,317.470001221,317.640014648,316.640014648,316.975006104,343874
2025-11-11 18:30:00+00:00,316.920013428,317.100006104,316.329986572,316.804992676,336264
2025-11-11 19:30:00+00:00,316.809997559,316.912902832,315.940002441,316.075012207,371419
2025-11-11 20:30:00+00:00,316.049987793,316.417510986,315.390014648,315.720001221,647229
2025-11-12 14:30:00+00:00,316.260009766,322.25,316.209991455,321.399993896,1867394
2025-11-12 15:30:00+00:00,321.390014648,322.220001221,320.559997559,320.779998779,897799
2025-11-12 16:30:00+00:00,320.774993896,321.720001221,320.540008545,321.290008545,801642
2025-11-12 17:30:00+00:00,321.25,322.019989014,320.100006104,320.190002441,575660
2025-11-12 18:30:00+00:00,320.25,320.850006104,319.910003662,320.144989014,488691
2025-11-12 19:30:00+00:00,320.144989014,320.529998779,319.390014648,320.489990234,762583
2025-11-12 20:30:00+00:00,320.480010986,321.059997559,319.959991455,320.5,1433621
2025-11-13 14:30:00+00:00,319.230010986,320.632507324,315.690002441,316.640014648,1210808
2025-11-13 15:30:00+00:00,316.709991455,316.989990234,314.042785645,314.200012207,870953
2025-11-13 16:30:00+00:00,314.130004883,314.350006104,312.25,313.358306885,697250
2025-11-13 17:30:00+00:00,313.329986572,313.820007324,312.369995117,312.429992676,482577
2025-11-13 18:30:00+00:00,312.489990234,312.700012207,310.809997559,311.869995117,734879
2025-11-13 19:30:00+00:00,311.869995117,311.929992676,309.109985352,309.765014648,1003184
2025-11-13 20:30:00+00:00,309.760009766,310.445007324,309.100006104,309.489990234,1303385
2025-11-14 14:30:00+00:00,307.510009766,307.640014648,301.230010986,306.230010986,2195753
2025-11-14 15:30:00+00:00,306.220001221,307.109985352,304.609985352,306.404998779,987629
2025-11-14 16:30:00+00:00,306.450012207,306.549987793,304.209991455,305.95010376,699200
2025-11-14 17:30:00+00:00,305.880004883,306.380004883,303.869995117,304.755004883,734653
2025-11-14 18:30:00+00:00,304.744995117,305.369995117,303.630004883,305.230010986,607112
2025-11-14 19:30:00+00:00,305.290008545,305.589996338,303.579986572,304.165008545,675529
2025-11-14 20:30:00+00:00,304.140014648,304.209991455,303.059997559,303.730010986,1262351
2025-11-17 14:30:00+00:00,304,305.589996338,302.140014648,305.119995117,1175926
2025-11-17 15:30:00+00:00,305.100006104,305.119995117,301.609985352,303.220001221,760003
2025-11-17 16:30:00+00:00,303.209991455,303.700012207,302.66229248,303.690002441,447381
2025-11-17 17:30:00+00:00,303.709991455,303.799987793,301.5,301.839996338,460224
2025-11-17 18:30:00+00:00,301.670013428,302.135009766,299.45010376,300,626897
2025-11-17 19:30:00+00:00,299.869995117,300,297.671386719,298.851593018,1016265
2025-11-17 20:30:00+00:00,298.880004883,300.5,298.880004883,300.459991455,1419758
2025-11-18 14:30:00+00:00,299.5,300.829986572,297.019989014,298.25,1777748
2025-11-18 15:30:00+00:00,298.329986572,299.890014648,297.739990234,299.725006104,994446
2025-11-18 16:30:00+00:00,299.790008545,300.404998779,299.003997803,299.015014648,514601
2025-11-18 17:30:00+00:00,299.010009766,302.945007324,299.010009766,301.524993896,719323
2025-11-18 18:30:00+00:00,301.540008545,302.369995117,300.149993896,300.345001221,525446
2025-11-18 19:30:00+00:00,300.369995117,301.30960083,299.899993896,300.269989014,599482
2025-11-18 20:30:00+00:00,300.269989014,300.850006104,299.140014648,299.540008545,946575
2025-11-19 14:30:00+00:00,299.739990234,304.449890137,299.265014648,303.070007324,970944
2025-11-19 15:30:00+00:00,303.059997559,303.320007324,301.890014648,302.160003662,510766
2025-11-19 16:30:00+00:00,302.089996338,302.880004883,301.5,302.040008545,428933
2025-11-19 17:30:00+00:00,302.054992676,303.200012207,301.211303711,302.519989014,470255
2025-11-19 18:30:00+00:00,302.459991455,303.339996338,300.920013428,301.279998779,406656
2025-11-19 19:30:00+00:00,301.320007324,303.109985352,301.095092773,302.984985352,472213
2025-11-19 20:30:00+00:00,302.984985352,304.119995117,302.815002441,303.350006104,703060
2025-11-20 14:30:00+00:00,306.339996338,309.549987793,306.019989014,308.970001221,1078860
2025-11-20 15:30:00+00:00,308.980010986,309.920013428,306.399993896,307.029998779,674179
2025-11-20 16:30:00+00:00,306.940002441,307.290008545,300.459991455,301.010009766,829053
2025-11-20 17:30:00+00:00,301,303.029998779,299.579986572,302.099914551,623121
2025-11-20 18:30:00+00:00,301.984008789,302.260009766,299.359985352,301.850006104,586493
2025-11-20 19:30:00+00:00,301.75,302.660003662,300.678009033,300.954986572,792456
2025-11-20 20:30:00+00:00,300.954986572,301.070007324,298.190002441,298.420013428,1327208
2025-11-21 14:30:00+00:00,301.290008545,301.679992676,293,294.279998779,2276079
2025-11-21 15:30:00+00:00,294.209991455,296.839996338,292.810089111,296.695007324,941085
2025-11-21 16:30:00+00:00,296.679992676,298.609985352,296.200012207,297.399993896,1133615
2025-11-21 17:30:00+00:00,297.350006104,298.200012207,295.989990234,297.100006104,930932
2025-11-21 18:30:00+00:00,297.070007324,299.489990234,296.929992676,298.43838501,1080029
2025-11-21 19:30:00+00:00,298.5,299.220001221,296.679992676,296.795013428,853055
2025-11-21 20:30:00+00:00,296.760009766,298.614990234,296.459991455,298.019989014,2154115
2025-11-24 14:30:00+00:00,298.239990234,299.209991455,294.510009766,297.714508057,1583090
2025-11-24 15:30:00+00:00,297.739990234,299.759887695,297.339996338,298.790008545,750736
2025-11-24 16:30:00+00:00,298.820007324,299.040008545,297.079986572,297.584991455,786974
2025-11-24 17:30:00+00:00,297.584991455,299.459991455,297.489990234,299.165008545,512491
2025-11-24 18:30:00+00:00,299.165008545,299.404998779,298.809997559,299.179992676,545727
2025-11-24 19:30:00+00:00,299.190002441,299.820007324,298.679992676,299.390014648,782898
2025-11-24 20:30:00+00:00,299.390014648,299.640014648,297.239990234,298.059997559,1394684
2025-11-25 14:30:00+00:00,300.049987793,301.579986572,295.559997559,299.179992676,1528562
2025-11-25 15:30:00+00:00,299.109985352,300.869995117,298.989990234,300.795013428,918390
2025-11-25 16:30:00+00:00,300.829986572,302.660003662,300.720001221,302.135009766,709793
2025-11-25 17:30:00+00:00,302.190002441,303.149993896,302.119995117,303.059997559,624177
2025-11-25 18:30:00+00:00,303.049987793,303.639892578,302.679992676,303.459991455,623717
2025-11-25 19:30:00+00:00,303.489990234,303.8230896,303.059997559,303.269989014,674761
2025-11-25 20:30:00+00:00,303.274993896,304.5,302.959991455,302.989990234,1659471
2025-11-26 14:30:00+00:00,305,306.595001221,303.200012207,305.825012207,1746019
2025-11-26 15:30:00+00:00,305.825012207,307.209991455,305.691314697,306.470001221,888888
2025-11-26 16:30:00+00:00,306.549987793,307.709991455,306.364990234,307,639923
2025-11-26 17:30:00+00:00,306.959991455,307.93548584,306.709991455,307.279998779,616981
2025-11-26 18:30:00+00:00,307.279998779,307.709991455,306.559997559,307.641601562,701822
2025-11-26 19:30:00+00:00,307.625,308.130004883,307.339996338,307.980010986,621707
2025-11-26 20:30:00+00:00,307.951599121,308.524993896,307.630004883,307.690002441,1024595
2025-11-28 14:30:00+00:00,309.100006104,312.760009766,308.239990234,312.589996338,1193612
2025-11-28 15:30:00+00:00,312.640014648,313.649993896,312.640014648,313.380004883,758752
2025-11-28 16:30:00+00:00,313.410003662,313.720001221,312.429992676,312.540008545,607095
2025-12-01 14:30:00+00:00,312.950012207,314.040008545,310.399993896,310.440002441,1175477
2025-12-01 15:30:00+00:00,310.399993896,311.420013428,309.630004883,310.510009766,773300
2025-12-01 16:30:00+00:00,310.549987793,311.540008545,310.519989014,310.984985352,537672
2025-12-01 17:30:00+00:00,311.005004883,311.269989014,309.970001221,310.82901001,464351
2025-12-01 18:30:00+00:00,310.82901001,311.070007324,308.820007324,309.010009766,542865
2025-12-01 19:30:00+00:00,308.989990234,309.220001221,308.540008545,309.020629883,777716
2025-12-01 20:30:00+00:00,309.059997559,309.295013428,308.649993896,308.989990234,1229027
2025-12-02 14:30:00+00:00,308.739990234,310.029998779,307.089996338,309.519989014,1217810
2025-12-02 15:30:00+00:00,309.589996338,310.480010986,308.480010986,308.725006104,696797
2025-12-02 16:30:00+00:00,308.75,309.589996338,308.320007324,309.170013428,561614
2025-12-02 17:30:00+00:00,309.170013428,309.399993896,307.510009766,307.769989014,493745
2025-12-02 18:30:00+00:00,307.769989014,308.920013428,307.320007324,308.795013428,421630
2025-12-02 19:30:00+00:00,308.795013428,309.140014648,308.109985352,308.174987793,514558
2025-12-02 20:30:00+00:00,308.200012207,308.549987793,307.640014648,307.890014648,711044
2025-12-03 14:30:00+00:00,307.200012207,309.015014648,306.799987793,308.885009766,1038617
2025-12-03 15:30:00+00:00,308.799987793,309.88760376,308.779998779,309.450012207,831106
2025-12-03 16:30:00+00:00,309.399993896,309.734985352,308.765594482,309.470001221,959264
2025-12-03 17:30:00+00:00,309.5,311.839996338,309.459991455,311.265014648,733562
2025-12-03 18:30:00+00:00,311.265014648,312.170013428,311.079986572,311.549987793,453551
2025-12-03 19:30:00+00:00,311.570007324,312.200012207,311.320007324,311.930297852,550478
2025-12-03 20:30:00+00:00,311.920013428,312.359985352,311.579986572,312.149993896,978320
2025-12-04 14:30:00+00:00,313.260009766,318.489990234,313,318.005004883,2780556
2025-12-04 15:30:00+00:00,318.024993896,318.101409912,316.140014648,316.320007324,644268
2025-12-04 16:30:00+00:00,316.301513672,316.950012207,315.720001221,316.559997559,531738
2025-12-04 17:30:00+00:00,316.559997559,317.459991455,316.299987793,317.380004883,636820
2025-12-04 18:30:00+00:00,317.359985352,317.480010986,315.980010986,316.195007324,559993
2025-12-04 19:30:00+00:00,316.149993896,317.040008545,314.690002441,314.813812256,749271
2025-12-04 20:30:00+00:00,314.809997559,316.149993896,314.809997559,316.130004883,897471
2025-12-05 14:30:00+00:00,315.640014648,318.480010986,315.140014648,317.395507812,1063032
2025-12-05 15:30:00+00:00,317.390014648,317.739990234,315.119995117,315.269989014,704980
2025-12-05 16:30:00+00:00,315.274993896,316.790008545,314.795013428,316.674987793,515585
2025-12-05 17:30:00+00:00,316.709991455,317.190002441,316.050109863,316.815002441,369609
2025-12-05 18:30:00+00:00,316.779998779,317.065002441,315.070098877,315.440002441,582247
2025-12-05 19:30:00+00:00,315.440002441,315.940002441,315.170013428,315.934997559,501850
2025-12-05 20:30:00+00:00,315.929992676,315.959899902,314.679992676,315.010009766,867119
2025-12-08 14:30:00+00:00,315.059997559,316.470001221,313.579986572,315,1406689
2025-12-08 15:30:00+00:00,315.035003662,315.390014648,313.959991455,315.019989014,698464
2025-12-08 16:30:00+00:00,314.980010986,315.070007324,314.049987793,314.434997559,552949
2025-12-08 17:30:00+00:00,314.434997559,314.709991455,313.529998779,313.619995117,442901
2025-12-08 18:30:00+00:00,313.549987793,314.559997559,313.350097656,313.989990234,438034
2025-12-08 19:30:00+00:00,314.019989014,314.779998779,313.950012207,314.714996338,614536
2025-12-08 20:30:00+00:00,314.700012207,315.329986572,314.329986572,315.290008545,882123
2025-12-09 14:30:00+00:00,314.950012207,317.709991455,314.950012207,316.950012207,1026106
2025-12-09 15:30:00+00:00,316.950012207,318.799987793,316.839996338,318.005004883,756490
2025-12-09 16:30:00+00:00,318,318.399993896,316.790008545,317.059997559,582054
2025-12-09 17:30:00+00:00,317.079986572,318.029998779,300.200012207,300.630004883,5748719
2025-12-09 18:30:00+00:00,300.619995117,303.070007324,300.019989014,302.195007324,2921303
2025-12-09 19:30:00+00:00,302.130004883,303.589996338,301.609985352,302.841003418,2067157
2025-12-09 20:30:00+00:00,302.769989014,302.843811035,300.165008545,300.540008545,2503171
2025-12-10 14:30:00+00:00,300.5,305.259887695,298.459991455,304.880004883,4677301
2025-12-10 15:30:00+00:00,304.880004883,306.959991455,303.400085449,306.809997559,2100237
2025-12-10 16:30:00+00:00,306.779998779,307.070007324,305.429992676,305.950012207,1235689
2025-12-10 17:30:00+00:00,305.899993896,307.410003662,305.089996338,306.809997559,995081
2025-12-10 18:30:00+00:00,306.899993896,307.429992676,305.519989014,306.529998779,1216000
2025-12-10 19:30:00+00:00,306.600006104,310.209991455,306.559997559,310.209991455,2271242
2025-12-10 20:30:00+00:00,310.140014648,311.190002441,309.089996338,310.119995117,2049911
2025-12-11 14:30:00+00:00,309.239990234,314.939910889,309.239990234,312.470001221,2235370
2025-12-11 15:30:00+00:00,312.475006104,314.690002441,312.160095215,314.614990234,1312806
2025-12-11 16:30:00+00:00,314.614990234,315.850006104,314.347503662,315.359985352,944200
2025-12-11 17:30:00+00:00,315.399993896,316.700012207,314.619995117,316.449401855,668109
2025-12-11 18:30:00+00:00,316.390014648,317.359985352,316.130004883,316.75,788131
2025-12-11 19:30:00+00:00,316.744995117,318,316.420013428,317.399993896,875007
2025-12-11 20:30:00+00:00,317.429992676,317.959991455,316.679992676,317.464996338,1112537
2025-12-12 14:30:00+00:00,319.679992676,320.269989014,317.109985352,317.394989014,1754984
2025-12-12 15:30:00+00:00,317.390014648,319.190002441,316.601287842,317.885009766,862601
2025-12-12 16:30:00+00:00,317.820007324,319.690887451,317.420288086,318.809997559,757510
2025-12-12 17:30:00+00:00,318.820007324,319.299987793,318.25,319.010009766,503613
2025-12-12 18:30:00+00:00,318.950012207,319.398895264,317.010009766,317.260009766,629519
2025-12-12 19:30:00+00:00,317.285003662,318.130004883,317.200012207,317.920013428,642060
2025-12-12 20:30:00+00:00,317.890014648,319,317.529998779,318.609985352,921150
2025-12-15 14:30:00+00:00,319.589996338,322.880004883,318.390014648,320.239990234,2035974
2025-12-15 15:30:00+00:00,320.234985352,321.910003662,319.549987793,320.614990234,1029893
2025-12-15 16:30:00+00:00,320.709991455,320.820007324,319.649993896,320.010009766,567636
2025-12-15 17:30:00+00:00,319.989990234,320.649108887,319.489990234,319.910003662,570987
2025-12-15 18:30:00+00:00,319.890014648,320.646514893,319.720001221,319.959991455,595550
2025-12-15 19:30:00+00:00,320,320.869995117,319.779998779,320.355010986,642031
2025-12-15 20:30:00+00:00,320.355010986,320.850006104,319.880004883,320.054992676,1193227
2025-12-16 14:30:00+00:00,319.089996338,319.519989014,315,315.869995117,1341611
2025-12-16 15:30:00+00:00,315.850402832,317.190002441,315.190002441,315.510009766,685092
2025-12-16 16:30:00+00:00,315.484985352,316.209991455,314.420013428,315.432983398,641791
2025-12-16 17:30:00+00:00,315.470001221,315.760009766,314.399993896,315.380004883,651165
2025-12-16 18:30:00+00:00,315.399993896,316.519989014,315,315.820007324,552014
2025-12-16 19:30:00+00:00,315.859985352,316.711303711,315.683990479,316.684997559,540002
2025-12-16 20:30:00+00:00,316.684997559,317.279998779,315.440002441,315.529998779,1046539
2025-12-17 14:30:00+00:00,318.429992676,319.369995117,316.5,317.744995117,1201367
2025-12-17 15:30:00+00:00,317.739990234,318,315.769989014,316.730010986,812388
2025-12-17 16:30:00+00:00,316.695007324,317.559997559,316.119995117,316.880004883,574126
2025-12-17 17:30:00+00:00,316.940002441,317.359985352,315.059997559,315.234985352,558434
2025-12-17 18:30:00+00:00,315.170013428,315.709991455,314.799987793,315.394989014,540328
2025-12-17 19:30:00+00:00,315.350006104,316.269989014,314.989990234,315.799987793,623973
2025-12-17 20:30:00+00:00,315.779998779,315.850006104,314.660003662,314.994995117,1309002
2025-12-18 14:30:00+00:00,316,317.700012207,314.232391357,316.450012207,1512509
2025-12-18 15:30:00+00:00,316.519989014,317.470001221,315.429992676,316.350006104,1011546
2025-12-18 16:30:00+00:00,316.404998779,316.799987793,312.5,313.230010986,732805
2025-12-18 17:30:00+00:00,313.165008545,314.989990234,312.220001221,314.950012207,625294
2025-12-18 18:30:00+00:00,314.950012207,315.829986572,313.359985352,313.845001221,556358
2025-12-18 19:30:00+00:00,313.880004883,314.230010986,313.084106445,313.540008545,776040
2025-12-18 20:30:00+00:00,313.540008545,313.790008545,312.845001221,313.010009766,1253902
2025-12-19 14:30:00+00:00,313.790008545,316.915008545,313.190002441,316.75,3756663
2025-12-19 15:30:00+00:00,316.649993896,316.954986572,316,316.899993896,1158801
2025-12-19 16:30:00+00:00,316.869995117,317.390014648,316.100006104,317.234985352,691597
2025-12-19 17:30:00+00:00,317.260009766,318.559997559,316.940093994,318.137512207,485635
2025-12-19 18:30:00+00:00,318.135009766,318.480010986,317.269989014,317.440002441,855170
2025-12-19 19:30:00+00:00,317.470001221,317.847991943,316.75,316.940002441,692976
2025-12-19 20:30:00+00:00,316.910003662,317.630004883,315.570007324,317.109985352,1344657
2025-12-22 14:30:00+00:00,317.510009766,321.190002441,317.510009766,320.225006104,1201501
2025-12-22 15:30:00+00:00,320.200012207,321.450012207,319.519989014,320.910003662,547891
2025-12-22 16:30:00+00:00,320.869995117,322.319885254,320.859985352,321.967010498,541977
2025-12-22 17:30:00+00:00,321.960113525,322.839996338,321.666107178,322.119995117,482739
2025-12-22 18:30:00+00:00,322.170013428,322.450012207,321.680114746,322.089996338,442091
2025-12-22 19:30:00+00:00,322.089996338,323.230010986,322,322.700012207,536465
2025-12-22 20:30:00+00:00,322.670013428,323.190002441,322.269989014,323.130004883,1632728
2025-12-23 14:30:00+00:00,323.609985352,325.709991455,323.089996338,325.114990234,1078007
2025-12-23 15:30:00+00:00,325.149993896,326.940002441,325.144989014,326.420013428,784777
2025-12-23 16:30:00+00:00,326.440002441,326.940002441,325.850006104,326.480010986,525139
2025-12-23 17:30:00+00:00,326.480010986,327.779998779,326.329986572,327.554199219,523985
2025-12-23 18:30:00+00:00,327.575012207,327.660003662,326.309997559,326.790008545,417161
2025-12-23 19:30:00+00:00,326.790008545,326.839996338,325.929992676,326.053009033,568667
2025-12-23 20:30:00+00:00,326.065002441,326.339996338,325.190002441,325.839996338,763742
2025-12-24 14:30:00+00:00,326.079986572,328.470001221,325.501403809,328.065002441,1209673
2025-12-24 15:30:00+00:00,328.065002441,329.369995117,327.899993896,329.100006104,565115
2025-12-24 16:30:00+00:00,329.049987793,329.824401855,329,329.704986572,535485
2025-12-26 14:30:00+00:00,329.109985352,330.859985352,328.119995117,328.549987793,818471
2025-12-26 15:30:00+00:00,328.600006104,328.839996338,327.565002441,327.869995117,460602
2025-12-26 16:30:00+00:00,327.839996338,328.100006104,326.869995117,327.510009766,385964
2025-12-26 17:30:00+00:00,327.510009766,327.62600708,326.839996338,326.970001221,370302
2025-12-26 18:30:00+00:00,326.994995117,327.410003662,326.540008545,326.609985352,337516
2025-12-26 19:30:00+00:00,326.619995117,327.489990234,326.600006104,327.149993896,335742
2025-12-26 20:30:00+00:00,327.140014648,327.989990234,327.070007324,327.940002441,524100
2025-12-29 14:30:00+00:00,327,327.769989014,324.82989502,325.450012207,2362545
2025-12-29 15:30:00+00:00,325.450012207,325.739990234,324.850006104,325.119995117,513278
2025-12-29 16:30:00+00:00,325.100006104,325.278411865,324.239990234,324.429992676,415511
2025-12-29 17:30:00+00:00,324.429992676,324.790008545,324.029998779,324.470001221,367853
2025-12-29 18:30:00+00:00,324.489990234,324.769989014,324.160003662,324.269989014,370789
2025-12-29 19:30:00+00:00,324.269989014,324.899993896,324.049987793,324.779998779,458546
2025-12-29 20:30:00+00:00,324.829986572,324.850006104,323.529998779,323.760009766,671017
2025-12-30 14:30:00+00:00,324.809997559,324.940002441,322.489990234,322.975006104,1431583
2025-12-30 15:30:00+00:00,322.989990234,323.609893799,322.600006104,323.510009766,530464
2025-12-30 16:30:00+00:00,323.565002441,323.649993896,322.719787598,323.170013428,365685
2025-12-30 17:30:00+00:00,323.160797119,323.429992676,323,323.309997559,275222
2025-12-30 18:30:00+00:00,323.299987793,323.654998779,323.154998779,323.413696289,299322
2025-12-30 19:30:00+00:00,323.429992676,323.799987793,323.290008545,323.540008545,350484
2025-12-30 20:30:00+00:00,323.519989014,323.829986572,323.170013428,323.470001221,580651
2025-12-31 14:30:00+00:00,324.339996338,324.875,322.841003418,323.350006104,598482
2025-12-31 15:30:00+00:00,323.440002441,323.869995117,322.799987793,323.168914795,421946
2025-12-31 16:30:00+00:00,323.170013428,323.5,322.880004883,323.209991455,273088
2025-12-31 17:30:00+00:00,323.200012207,323.940002441,322.904998779,323.889892578,234730
2025-12-31 18:30:00+00:00,323.825012207,324.630004883,323.820007324,324,312390
2025-12-31 19:30:00+00:00,324.029998779,324.209991455,323.239990234,323.380004883,338921
2025-12-31 20:30:00+00:00,323.390014648,323.894989014,322.059997559,322.320007324,843485
